station_id,station_name,lat,lon,bikes_available,empty_docks,total_docks,pulled_at
BikePoints_1,"River Street , Clerkenwell",51.529163,-0.10997,13,6,19,2026-09-24T18:12:54.156858
BikePoints_2,"Phillimore Gardens, Kensington",51.499606,-0.197574,3,31,37,2026-09-24T18:12:54.156879
BikePoints_3,"Christopher Street, Liverpool Street",51.521283,-0.084605,18,13,32,2026-09-24T18:12:54.156884
BikePoints_4,"St. Chad's Street, King's Cross",51.530059,-0.120973,21,0,23,2026-09-24T18:12:54.156888
BikePoints_5,"Sedding Street, Sloane Square",51.49313,-0.156876,14,12,27,2026-09-24T18:12:54.156892
BikePoints_6,"Broadcasting House, Marylebone",51.518117,-0.144228,2,14,18,2026-09-24T18:12:54.156895
BikePoints_7,"Charlbert Street, St. John's Wood",51.5343,-0.168074,8,8,16,2026-09-24T18:12:54.156898
BikePoints_8,"Maida Vale, Maida Vale",51.529857,-0.183486,25,13,39,2026-09-24T18:12:54.156905
BikePoints_9,"New Globe Walk, Bankside",51.507385,-0.09644,0,19,19,2026-09-24T18:12:54.156909
BikePoints_10,"Park Street, Bankside",51.505974,-0.092754,12,6,18,2026-09-24T18:12:54.156913
BikePoints_11,"Brunswick Square, Bloomsbury",51.523951,-0.122502,17,6,24,2026-09-24T18:12:54.156916
BikePoints_12,"Malet Street, Bloomsbury",51.52168,-0.130431,1,47,49,2026-09-24T18:12:54.156920
BikePoints_13,"Scala Street, Fitzrovia",51.519914,-0.136039,3,16,21,2026-09-24T18:12:54.156926
BikePoints_14,"Argyle Street, Kings Cross",51.529416,-0.123944,31,10,45,2026-09-24T18:12:54.156930
BikePoints_15,"Great Russell Street, Bloomsbury",51.517727,-0.127854,16,10,26,2026-09-24T18:12:54.156933
BikePoints_16,"Cartwright Gardens , Bloomsbury",51.526357,-0.125979,10,10,21,2026-09-24T18:12:54.156936
BikePoints_17,"Hatton Wall, Holborn",51.521661,-0.109006,13,10,26,2026-09-24T18:12:54.156939
BikePoints_18,"Drury Lane, Covent Garden",51.51477,-0.122219,23,2,27,2026-09-24T18:12:54.156943
BikePoints_19,"Taviton Street, Bloomsbury",51.52505,-0.131161,13,12,30,2026-09-24T18:12:54.156946
BikePoints_20,"Drummond Street , Euston",51.527326,-0.136052,10,17,28,2026-09-24T18:12:54.156951
BikePoints_21,"Lansdowne Drive, Hackney Central",51.539834,-0.062806,10,14,26,2026-09-24T18:12:54.156955
BikePoints_22,"Northington Street , Holborn",51.522264,-0.114079,3,15,19,2026-09-24T18:12:54.156957
BikePoints_23,"Red Lion Square, Holborn",51.519435,-0.119123,5,8,16,2026-09-24T18:12:54.156961
BikePoints_24,"British Museum, Bloomsbury",51.51908,-0.124678,7,26,35,2026-09-24T18:12:54.156964
BikePoints_25,"Doric Way , Somers Town",51.528833,-0.13225,23,27,50,2026-09-24T18:12:54.156967
BikePoints_26,"Ampton Street , Clerkenwell",51.52728,-0.118295,4,15,21,2026-09-24T18:12:54.156970
BikePoints_28,"Bolsover Street, Fitzrovia",51.523518,-0.143613,2,17,19,2026-09-24T18:12:54.156973
BikePoints_29,"Hereford Road, Bayswater",51.513735,-0.193487,5,17,22,2026-09-24T18:12:54.156977
BikePoints_30,"Windsor Terrace, Hoxton",51.529154,-0.093421,16,7,24,2026-09-24T18:12:54.156980
BikePoints_31,"Fanshaw Street, Hoxton",51.529537,-0.083353,18,16,36,2026-09-24T18:12:54.156983
BikePoints_33,"Central House, Aldgate",51.515231,-0.07015,2,20,24,2026-09-24T18:12:54.156986
BikePoints_34,"Pancras Road, King's Cross",51.534123,-0.129386,9,0,16,2026-09-24T18:12:54.156989
BikePoints_36,"De Vere Gardens, Kensington",51.501737,-0.18498,6,19,28,2026-09-24T18:12:54.156992
BikePoints_37,"Penywern Road, Earl's Court",51.491593,-0.192369,8,9,17,2026-09-24T18:12:54.156996
BikePoints_38,"Abingdon Villas, Kensington",51.497387,-0.197245,0,16,17,2026-09-24T18:12:54.156999
BikePoints_39,"Shoreditch High Street, Shoreditch",51.526377,-0.07813,27,13,41,2026-09-24T18:12:54.157002
BikePoints_40,"Commercial Street, Shoreditch",51.52127,-0.075578,4,10,16,2026-09-24T18:12:54.157005
BikePoints_41,"Pindar Street, Liverpool Street",51.520955,-0.083493,5,18,24,2026-09-24T18:12:54.157008
BikePoints_42,"Wenlock Road , Hoxton",51.530991,-0.093903,8,19,28,2026-09-24T18:12:54.157014
BikePoints_43,"Crawford Street, Marylebone",51.52026,-0.157183,16,1,18,2026-09-24T18:12:54.157017
BikePoints_44,"Bruton Street, Mayfair",51.510736,-0.144165,11,9,21,2026-09-24T18:12:54.157020
BikePoints_45,"Boston Place, Marylebone",51.522511,-0.162298,20,3,26,2026-09-24T18:12:54.157023
BikePoints_46,"Nesham Street, Wapping",51.507131,-0.06691,14,0,16,2026-09-24T18:12:54.157026
BikePoints_47,"Warwick Avenue Station, Maida Vale",51.523344,-0.183846,10,8,19,2026-09-24T18:12:54.157029
BikePoints_48,"Godliman Street, St. Paul's",51.512484,-0.099141,8,15,25,2026-09-24T18:12:54.157033
BikePoints_49,"Curzon Street, Mayfair",51.507069,-0.145904,0,14,16,2026-09-24T18:12:54.157036
BikePoints_50,"East Road, Hoxton",51.528673,-0.087459,13,12,27,2026-09-24T18:12:54.157039
BikePoints_51,"Finsbury Library , Finsbury",51.526717,-0.104298,8,18,29,2026-09-24T18:12:54.157042
BikePoints_52,"Roscoe Street, St. Luke's",51.522954,-0.094934,11,6,18,2026-09-24T18:12:54.157045
BikePoints_53,"Grafton Street, Mayfair",51.509992,-0.143495,3,14,18,2026-09-24T18:12:54.157048
BikePoints_54,"Golden Lane, Barbican",51.521747,-0.094475,21,6,27,2026-09-24T18:12:54.157056
BikePoints_55,"Finsbury Circus, Liverpool Street",51.517075,-0.086685,12,16,33,2026-09-24T18:12:54.157059
BikePoints_56,"Paddington Street, Marylebone",51.520583,-0.154701,3,11,16,2026-09-24T18:12:54.157062
BikePoints_57,"Guilford Street , Bloomsbury",51.523346,-0.120202,14,17,32,2026-09-24T18:12:54.157066
BikePoints_58,"New Inn Yard, Shoreditch",51.524526,-0.079248,11,8,20,2026-09-24T18:12:54.157069
BikePoints_60,"Lisson Grove, St. John's Wood",51.526448,-0.17219,3,14,18,2026-09-24T18:12:54.157072
BikePoints_61,"Great Dover Street, The Borough",51.497382,-0.089446,11,22,33,2026-09-24T18:12:54.157075
BikePoints_62,"Cotton Garden Estate, Kennington",51.490757,-0.106323,7,17,24,2026-09-24T18:12:54.157078
BikePoints_63,"Murray Grove , Hoxton",51.53089,-0.089782,20,5,27,2026-09-24T18:12:54.157084
BikePoints_64,"William IV Street, Strand",51.509462,-0.124749,25,0,26,2026-09-24T18:12:54.157087
BikePoints_65,"Gower Place , Euston",51.525227,-0.135188,6,10,17,2026-09-24T18:12:54.157090
BikePoints_66,"Holborn Circus, Holborn",51.51795,-0.108657,13,25,40,2026-09-24T18:12:54.157093
BikePoints_67,"Hatton Garden, Holborn",51.518825,-0.108028,14,12,28,2026-09-24T18:12:54.157096
BikePoints_68,"Theobald's Road , Holborn",51.520596,-0.116688,3,20,26,2026-09-24T18:12:54.157100
BikePoints_69,"Euston Road, Euston",51.526236,-0.134407,15,6,24,2026-09-24T18:12:54.157103
BikePoints_70,"Calshot Street , King's Cross",51.53136,-0.117069,2,17,24,2026-09-24T18:12:54.157107
BikePoints_71,"Newgate Street , St. Paul's",51.515768,-0.099894,0,28,35,2026-09-24T18:12:54.157110
BikePoints_72,"Farringdon Lane, Clerkenwell",51.52352,-0.10834,13,0,16,2026-09-24T18:12:54.157113
BikePoints_73,"Old Street Station, St. Luke's",51.525615,-0.088532,23,10,34,2026-09-24T18:12:54.157116
BikePoints_74,"Vauxhall Cross, Vauxhall",51.485917,-0.124469,6,10,17,2026-09-24T18:12:54.157119
BikePoints_75,"Torrens Street, Angel",51.532199,-0.10548,3,14,19,2026-09-24T18:12:54.157122
BikePoints_76,"Longford Street, The Regent's Park",51.525595,-0.144083,1,17,21,2026-09-24T18:12:54.157125
BikePoints_77,"Russell Square Station, Bloomsbury",51.523418,-0.124121,9,15,26,2026-09-24T18:12:54.157127
BikePoints_78,"Sadlers Sports Centre, Finsbury",51.524868,-0.099489,7,9,17,2026-09-24T18:12:54.157130
BikePoints_79,"Arundel Street, Temple",51.511726,-0.113855,0,15,18,2026-09-24T18:12:54.157133
BikePoints_80,"Webber Street , Southwark",51.500693,-0.102091,35,9,45,2026-09-24T18:12:54.157138
BikePoints_81,"Great Titchfield Street, Fitzrovia",51.520253,-0.141327,0,18,19,2026-09-24T18:12:54.157141
BikePoints_83,"Panton Street, West End",51.509639,-0.13151,12,7,21,2026-09-24T18:12:54.157146
BikePoints_84,"Breams Buildings, Holborn",51.515937,-0.111778,0,21,25,2026-09-24T18:12:54.157149
BikePoints_85,"Tanner Street, Bermondsey",51.500647,-0.0786,31,9,41,2026-09-24T18:12:54.157152
BikePoints_86,"Sancroft Street, Vauxhall",51.489479,-0.115156,21,2,24,2026-09-24T18:12:54.157155
BikePoints_87,"Devonshire Square, Liverpool Street",51.516468,-0.079684,1,13,16,2026-09-24T18:12:54.157158
BikePoints_88,"Percy Street, Bloomsbury",51.51863,-0.132676,11,15,29,2026-09-24T18:12:54.157161
BikePoints_89,"Tavistock Place, Bloomsbury",51.52625,-0.123509,15,4,19,2026-09-24T18:12:54.157164
BikePoints_90,"Harrington Square 1, Camden Town",51.533019,-0.139174,6,18,27,2026-09-24T18:12:54.157167
BikePoints_91,"Walnut Tree Walk, Vauxhall",51.493686,-0.111014,6,14,20,2026-09-24T18:12:54.157170
BikePoints_92,"Borough Road, Elephant & Castle",51.498898,-0.10044,5,35,41,2026-09-24T18:12:54.157173
BikePoints_93,"Cloudesley Road, Angel",51.534408,-0.109025,27,9,37,2026-09-24T18:12:54.157176
BikePoints_94,"Bricklayers Arms, Borough",51.495061,-0.085814,13,13,28,2026-09-24T18:12:54.157179
BikePoints_95,"Aldersgate Street, Barbican",51.520841,-0.09734,1,12,15,2026-09-24T18:12:54.157182
BikePoints_96,"Falkirk Street, Hoxton",51.53095,-0.078505,15,11,26,2026-09-24T18:12:54.157185
BikePoints_97,"Gloucester Road (North), Kensington",51.497924,-0.183834,2,16,18,2026-09-24T18:12:54.157188
BikePoints_98,"Hampstead Road, Euston",51.525542,-0.138231,0,50,54,2026-09-24T18:12:54.157191
BikePoints_101,"Queen Street 1, Bank",51.511553,-0.09294,12,9,22,2026-09-24T18:12:54.157195
BikePoints_102,"Jewry Street, Aldgate",51.513406,-0.076793,1,15,17,2026-09-24T18:12:54.157198
BikePoints_103,"Vicarage Gate, Kensington",51.504723,-0.192538,3,15,18,2026-09-24T18:12:54.157201
BikePoints_104,"Crosswall, Tower",51.511594,-0.077121,15,16,34,2026-09-24T18:12:54.157204
BikePoints_105,"Westbourne Grove, Bayswater",51.515529,-0.19024,2,22,26,2026-09-24T18:12:54.157210
BikePoints_106,"Woodstock Street, Mayfair",51.514105,-0.147301,12,6,21,2026-09-24T18:12:54.157213
BikePoints_107,"Finsbury Leisure Centre, St. Luke's",51.526008,-0.096317,17,3,20,2026-09-24T18:12:54.157216
BikePoints_109,"Soho Square , Soho",51.515631,-0.132328,20,30,57,2026-09-24T18:12:54.157221
BikePoints_110,"Wellington Road, St. John's Wood",51.533043,-0.172528,4,8,17,2026-09-24T18:12:54.157224
BikePoints_111,"Park Lane , Hyde Park",51.510017,-0.157275,16,11,28,2026-09-24T18:12:54.157228
BikePoints_112,"Stonecutter Street, Holborn",51.515809,-0.10527,4,14,21,2026-09-24T18:12:54.157231
BikePoints_113,"Gloucester Road (Central), South Kensington",51.496462,-0.183289,11,7,19,2026-09-24T18:12:54.157234
BikePoints_114,"Park Road (Baker Street), The Regent's Park",51.524517,-0.158963,12,9,22,2026-09-24T18:12:54.157237
BikePoints_115,"Braham Street, Aldgate",51.514233,-0.073537,11,22,34,2026-09-24T18:12:54.157241
BikePoints_116,"Little Argyll Street, West End",51.514499,-0.141423,4,16,21,2026-09-24T18:12:54.157244
BikePoints_117,"Lollard Street, Vauxhall",51.49288,-0.114934,20,3,25,2026-09-24T18:12:54.157247
BikePoints_118,"Rochester Row, Westminster",51.495827,-0.135478,1,10,13,2026-09-24T18:12:54.157250
BikePoints_119,"Bath Street, St. Luke's",51.525893,-0.090847,8,5,18,2026-09-24T18:12:54.157253
BikePoints_120,"The Guildhall, Guildhall",51.515735,-0.09308,3,10,17,2026-09-24T18:12:54.157256
BikePoints_121,"Baker Street, Marylebone",51.518913,-0.156166,0,20,22,2026-09-24T18:12:54.157259
BikePoints_123,"St. John Street, Finsbury",51.52836,-0.104724,7,11,18,2026-09-24T18:12:54.157263
BikePoints_124,"Eaton Square, Belgravia",51.496544,-0.150905,5,12,18,2026-09-24T18:12:54.157266
BikePoints_125,"Borough High Street, The Borough",51.500694,-0.094524,9,10,21,2026-09-24T18:12:54.157269
BikePoints_126,"Museum of London, Barbican",51.517821,-0.096496,12,40,52,2026-09-24T18:12:54.157275
BikePoints_127,"Wood Street, Guildhall",51.517008,-0.093885,3,12,17,2026-09-24T18:12:54.157278
BikePoints_128,"Emperor's Gate, South Kensington",51.495362,-0.185296,10,11,22,2026-09-24T18:12:54.157294
BikePoints_129,"Golden Square, Soho",51.511897,-0.137043,2,14,18,2026-09-24T18:12:54.157297
BikePoints_130,"Tower Gardens , Tower",51.509506,-0.075459,16,4,24,2026-09-24T18:12:54.157301
BikePoints_131,"Eversholt Street , Camden Town",51.533005,-0.136792,8,7,16,2026-09-24T18:12:54.157304
BikePoints_132,"Bethnal Green Road, Shoreditch",51.523648,-0.074754,19,17,38,2026-09-24T18:12:54.157307
BikePoints_133,"Derry Street, Kensington",51.501364,-0.191462,5,12,18,2026-09-24T18:12:54.157310
BikePoints_134,"Wapping High Street, Wapping",51.504904,-0.06797,15,2,20,2026-09-24T18:12:54.157313
BikePoints_135,"Clerkenwell Green, Clerkenwell",51.52326,-0.104708,14,6,21,2026-09-24T18:12:54.157316
BikePoints_136,"Queen Victoria Street, St. Paul's",51.511961,-0.097441,8,21,32,2026-09-24T18:12:54.157319
BikePoints_138,"Green Street, Mayfair",51.512276,-0.157436,5,14,19,2026-09-24T18:12:54.157323
BikePoints_139,"Lambeth Road, Vauxhall",51.494881,-0.117974,2,16,18,2026-09-24T18:12:54.157326
BikePoints_140,"Finsbury Square , Moorgate",51.520962,-0.085634,1,30,33,2026-09-24T18:12:54.157330
BikePoints_141,"Chapel Place, Marylebone",51.515308,-0.147203,3,24,29,2026-09-24T18:12:54.157333
BikePoints_142,"West Cromwell Road, Earl's Court",51.493724,-0.198286,6,16,24,2026-09-24T18:12:54.157336
BikePoints_143,"Pont Street, Knightsbridge",51.496886,-0.161203,16,8,24,2026-09-24T18:12:54.157339
BikePoints_144,"Kennington Cross, Kennington",51.48894,-0.111435,10,35,47,2026-09-24T18:12:54.157342
BikePoints_145,"Ilchester Place, Kensington",51.500743,-0.202759,2,20,24,2026-09-24T18:12:54.157345
BikePoints_146,"Vauxhall Bridge , Pimlico",51.488365,-0.129361,2,33,35,2026-09-24T18:12:54.157348
BikePoints_147,"Portugal Street, Holborn",51.514943,-0.116146,0,14,16,2026-09-24T18:12:54.157353
BikePoints_148,"Tachbrook Street, Victoria",51.492111,-0.138364,16,0,16,2026-09-24T18:12:54.157357
BikePoints_149,"Kennington Road Post Office, Oval",51.484788,-0.110683,4,14,18,2026-09-24T18:12:54.157360
BikePoints_150,"Holy Trinity Brompton, Knightsbridge",51.497056,-0.168917,15,10,28,2026-09-24T18:12:54.157365
BikePoints_151,"Chepstow Villas, Notting Hill",51.512136,-0.201554,6,18,26,2026-09-24T18:12:54.157368
BikePoints_152,"Hampton Street, Walworth",51.49217,-0.101536,15,4,21,2026-09-24T18:12:54.157371
BikePoints_153,"Bayswater Road, Hyde Park",51.511933,-0.174411,20,1,27,2026-09-24T18:12:54.157374
BikePoints_154,"Waterloo Station 3, Waterloo",51.503791,-0.112824,15,16,35,2026-09-24T18:12:54.157377
BikePoints_155,"Lexham Gardens, Kensington",51.495866,-0.191933,4,12,19,2026-09-24T18:12:54.157379
BikePoints_156,"New Kent Road, The Borough",51.494436,-0.092921,13,20,33,2026-09-24T18:12:54.157383
BikePoints_157,"Wright's Lane, Kensington",51.500397,-0.193068,6,25,37,2026-09-24T18:12:54.157385
BikePoints_158,"Trebovir Road, Earl's Court",51.490853,-0.19617,6,11,18,2026-09-24T18:12:54.157389
BikePoints_160,"Waterloo Place, St. James's",51.506633,-0.131773,16,3,20,2026-09-24T18:12:54.157392
BikePoints_162,"Southampton Place, Holborn",51.517606,-0.121328,7,13,20,2026-09-24T18:12:54.157395
BikePoints_163,"Sloane Avenue, Knightsbridge",51.493184,-0.167894,9,17,27,2026-09-24T18:12:54.157398
BikePoints_164,"Cleveland Gardens, Bayswater",51.515607,-0.183118,4,11,16,2026-09-24T18:12:54.157403
BikePoints_165,"Orsett Terrace, Bayswater",51.517932,-0.183716,0,15,15,2026-09-24T18:12:54.157407
BikePoints_166,"Seville Street, Knightsbridge",51.501855,-0.159237,9,15,27,2026-09-24T18:12:54.157410
BikePoints_167,"Eccleston Place, Victoria",51.49395,-0.147624,9,10,19,2026-09-24T18:12:54.157413
BikePoints_168,"Argyll Road, Kensington",51.500401,-0.195455,2,17,19,2026-09-24T18:12:54.157419
BikePoints_169,"Porchester Place, Paddington",51.514746,-0.165164,5,11,18,2026-09-24T18:12:54.157422
BikePoints_170,"Hardwick Street, Clerkenwell",51.527842,-0.108068,22,8,30,2026-09-24T18:12:54.157425
BikePoints_171,"Collingham Gardens, Earl's Court",51.491615,-0.186753,4,8,14,2026-09-24T18:12:54.157428
BikePoints_172,"Sumner Place, South Kensington",51.491211,-0.173715,14,4,19,2026-09-24T18:12:54.157431
BikePoints_173,"Waterloo Road, South Bank",51.50486,-0.113001,6,7,15,2026-09-24T18:12:54.157434
BikePoints_175,"Worship Street, Shoreditch",51.521668,-0.079608,0,47,51,2026-09-24T18:12:54.157437
BikePoints_176,"Gloucester Terrace, Bayswater",51.517919,-0.188098,5,17,23,2026-09-24T18:12:54.157440
BikePoints_177,"Ashley Place, Victoria",51.49616,-0.140947,5,20,25,2026-09-24T18:12:54.157443
BikePoints_178,"Warwick Square, Pimlico",51.489856,-0.141923,5,11,19,2026-09-24T18:12:54.157446
BikePoints_180,"North Audley Street, Mayfair",51.512911,-0.153645,1,14,17,2026-09-24T18:12:54.157449
BikePoints_181,"Belgrave Square, Belgravia",51.499412,-0.152317,8,11,21,2026-09-24T18:12:54.157452
BikePoints_182,"Bell Street , Marylebone",51.522029,-0.165842,1,16,18,2026-09-24T18:12:54.157456
BikePoints_183,"Riverlight North, Nine Elms",51.482362,-0.136123,18,4,24,2026-09-24T18:12:54.157459
BikePoints_184,"Portland Place, Marylebone",51.520715,-0.145211,5,26,34,2026-09-24T18:12:54.157462
BikePoints_185,"Alderney Street, Pimlico",51.488057,-0.140741,8,4,14,2026-09-24T18:12:54.157464
BikePoints_186,"South Wharf Road, Paddington",51.517335,-0.17581,11,1,16,2026-09-24T18:12:54.157467
BikePoints_187,"Queen's Gate (South), South Kensington",51.492479,-0.178433,17,7,25,2026-09-24T18:12:54.157470
BikePoints_188,"Nutford Place, Marylebone",51.516517,-0.164393,11,5,18,2026-09-24T18:12:54.157474
BikePoints_189,"Claremont Square, Angel",51.531666,-0.109914,7,9,18,2026-09-24T18:12:54.157477
BikePoints_190,"Rampayne Street, Pimlico",51.489975,-0.132845,3,18,21,2026-09-24T18:12:54.157482
BikePoints_191,"Hyde Park Corner, Hyde Park",51.503117,-0.15352,3,31,36,2026-09-24T18:12:54.157485
BikePoints_192,"Wardour Street, Soho",51.512515,-0.133201,9,5,16,2026-09-24T18:12:54.157488
BikePoints_193,"Bankside Mix, Bankside",51.505817,-0.100186,7,51,60,2026-09-24T18:12:54.157491
BikePoints_194,"Hop Exchange, The Borough",51.504627,-0.091773,47,7,56,2026-09-24T18:12:54.157494
BikePoints_195,"Milroy Walk, South Bank",51.507244,-0.106237,25,4,30,2026-09-24T18:12:54.157498
BikePoints_196,"Union Street, The Borough",51.503688,-0.098497,1,14,17,2026-09-24T18:12:54.157500
BikePoints_197,"Stamford Street, South Bank",51.505569,-0.111606,10,17,27,2026-09-24T18:12:54.157503
BikePoints_199,"Great Tower Street, Monument",51.510484,-0.082989,4,17,24,2026-09-24T18:12:54.157506
BikePoints_200,"LMU Commercial Road, Whitechapel",51.514924,-0.066078,6,8,14,2026-09-24T18:12:54.157509
BikePoints_201,"Dorset Square, Marylebone",51.522596,-0.161113,11,4,16,2026-09-24T18:12:54.157512
BikePoints_202,"Leman Street, Aldgate",51.512363,-0.069542,24,11,37,2026-09-24T18:12:54.157515
BikePoints_203,"West Smithfield Rotunda, Farringdon",51.518218,-0.100791,4,10,15,2026-09-24T18:12:54.157518
BikePoints_204,"Margery Street, Clerkenwell",51.526599,-0.112432,19,0,19,2026-09-24T18:12:54.157521
BikePoints_206,"New Road 1 , Whitechapel",51.518154,-0.062697,23,8,36,2026-09-24T18:12:54.157526
BikePoints_207,"Grosvenor Crescent, Belgravia",51.501352,-0.153194,1,16,18,2026-09-24T18:12:54.157530
BikePoints_208,"Mallory Street, Marylebone",51.525051,-0.166304,5,15,20,2026-09-24T18:12:54.157533
BikePoints_209,"Denyer Street, Knightsbridge",51.493583,-0.165101,7,23,30,2026-09-24T18:12:54.157536
BikePoints_210,"Hinde Street, Marylebone",51.516814,-0.151926,3,16,21,2026-09-24T18:12:54.157539
BikePoints_211,"Cadogan Place, Knightsbridge",51.494645,-0.158105,29,5,34,2026-09-24T18:12:54.157544
BikePoints_212,"Campden Hill Road, Notting Hill",51.506584,-0.199004,0,15,17,2026-09-24T18:12:54.157547
BikePoints_213,"Wellington Arch, Hyde Park",51.50274,-0.149569,1,31,36,2026-09-24T18:12:54.157550
BikePoints_214,"Endsleigh Gardens, Euston",51.526838,-0.130504,29,1,32,2026-09-24T18:12:54.157553
BikePoints_215,"Moorfields, Moorgate",51.519069,-0.088285,0,50,54,2026-09-24T18:12:54.157557
BikePoints_216,"Old Brompton Road, South Kensington",51.490945,-0.18119,2,27,30,2026-09-24T18:12:54.157559
BikePoints_217,"Wormwood Street, Liverpool Street",51.516154,-0.082422,2,10,15,2026-09-24T18:12:54.157562
BikePoints_218,"St. Luke's Church, Chelsea",51.489716,-0.170194,6,14,20,2026-09-24T18:12:54.157566
BikePoints_219,"Bramham Gardens, Earl's Court",51.490163,-0.190393,9,19,29,2026-09-24T18:12:54.157571
BikePoints_220,"Chelsea Green, Chelsea",51.490664,-0.166485,3,11,15,2026-09-24T18:12:54.157576
BikePoints_221,"Horseferry Road, Westminster",51.494816,-0.130458,0,15,16,2026-09-24T18:12:54.157579
BikePoints_222,"Knightsbridge, Hyde Park",51.502757,-0.155349,17,25,43,2026-09-24T18:12:54.157582
BikePoints_223,"Rodney Road , Walworth",51.491484,-0.09022,10,11,24,2026-09-24T18:12:54.157585
BikePoints_224,"Queensway, Kensington Gardens",51.51031,-0.187402,5,10,17,2026-09-24T18:12:54.157588
BikePoints_225,"Notting Hill Gate Station, Notting Hill",51.509353,-0.196422,6,21,30,2026-09-24T18:12:54.157591
BikePoints_226,"Charles II Street, West End",51.508446,-0.131961,21,2,24,2026-09-24T18:12:54.157594
BikePoints_227,"Great Percy Street, Clerkenwell",51.528915,-0.11548,19,3,23,2026-09-24T18:12:54.157597
BikePoints_228,"St. James's Square, St. James's",51.507424,-0.134621,37,1,40,2026-09-24T18:12:54.157600
BikePoints_229,"Whitehall Place, Strand",51.506543,-0.123179,21,22,46,2026-09-24T18:12:54.157603
BikePoints_230,"Poured Lines, Bankside",51.506692,-0.103137,21,10,31,2026-09-24T18:12:54.157606
BikePoints_231,"Queen's Gate (Central), South Kensington",51.493967,-0.178732,24,6,31,2026-09-24T18:12:54.157611
BikePoints_232,"Carey Street, Holborn",51.51501,-0.112753,0,15,16,2026-09-24T18:12:54.157614
BikePoints_233,"Pall Mall East, West End",51.50777,-0.130699,21,0,22,2026-09-24T18:12:54.157617
BikePoints_234,"Liverpool Road (N1 Centre), Angel",51.534504,-0.106992,12,9,24,2026-09-24T18:12:54.157620
BikePoints_235,"Kennington Road, Vauxhall",51.495718,-0.110889,6,29,36,2026-09-24T18:12:54.157624
BikePoints_236,"Fashion Street, Whitechapel",51.51838,-0.073438,14,15,30,2026-09-24T18:12:54.157627
BikePoints_237,"Dock Street, Wapping",51.509786,-0.068161,24,6,30,2026-09-24T18:12:54.157630
BikePoints_238,"Frampton Street, Paddington",51.523353,-0.175116,1,31,32,2026-09-24T18:12:54.157633
BikePoints_239,"Warren Street Station, Euston",51.524438,-0.138019,8,16,26,2026-09-24T18:12:54.157637
BikePoints_240,"Colombo Street, Southwark",51.505459,-0.105692,2,11,14,2026-09-24T18:12:54.157640
BikePoints_242,"Beaumont Street, Marylebone",51.522008,-0.151359,0,21,23,2026-09-24T18:12:54.157643
BikePoints_243,"Gloucester Street, Pimlico",51.490962,-0.139625,13,10,25,2026-09-24T18:12:54.157646
BikePoints_244,"Bucknall Street, Covent Garden",51.51615,-0.128417,15,1,18,2026-09-24T18:12:54.157649
BikePoints_245,"Grosvenor Road, Pimlico",51.485357,-0.142207,4,24,29,2026-09-24T18:12:54.157654
BikePoints_246,"Berry Street, Clerkenwell",51.522853,-0.099994,3,35,41,2026-09-24T18:12:54.157658
BikePoints_247,"St. John's Wood Church, The Regent's Park",51.530529,-0.167515,14,35,50,2026-09-24T18:12:54.157661
BikePoints_249,"Harper Road, The Borough",51.498597,-0.096191,17,22,42,2026-09-24T18:12:54.157664
BikePoints_250,"Royal Avenue 1, Chelsea",51.489932,-0.162727,5,5,10,2026-09-24T18:12:54.157667
BikePoints_251,"Brushfield Street, Liverpool Street",51.518908,-0.079249,3,31,34,2026-09-24T18:12:54.157670
BikePoints_254,"Chadwell Street, Angel",51.530515,-0.106408,12,4,18,2026-09-24T18:12:54.157675
BikePoints_255,"Clifton Road, Maida Vale",51.525575,-0.179592,12,10,22,2026-09-24T18:12:54.157679
BikePoints_256,"Houghton Street, Strand",51.51362,-0.116764,1,12,15,2026-09-24T18:12:54.157682
BikePoints_257,"Westminster University, Marylebone",51.522481,-0.154907,2,14,16,2026-09-24T18:12:54.157685
BikePoints_258,"Kensington Gore, Knightsbridge",51.501432,-0.178656,4,19,23,2026-09-24T18:12:54.157689
BikePoints_259,"Bourne Street, Belgravia",51.490959,-0.153233,10,3,16,2026-09-24T18:12:54.157692
BikePoints_260,"Broadwick Street, Soho",51.513684,-0.13558,8,5,18,2026-09-24T18:12:54.157695
BikePoints_261,"Princes Square, Bayswater",51.513489,-0.191351,4,11,16,2026-09-24T18:12:54.157698
BikePoints_262,"LSBU (Borough Road), Elephant & Castle",51.498744,-0.103132,13,19,35,2026-09-24T18:12:54.157701
BikePoints_263,"St. Mary Axe, Aldgate",51.514225,-0.08066,2,16,21,2026-09-24T18:12:54.157715
BikePoints_264,"Tysoe Street, Clerkenwell",51.526443,-0.109256,17,1,20,2026-09-24T18:12:54.157719
BikePoints_265,"Southwick Street, Paddington",51.515953,-0.169249,13,4,17,2026-09-24T18:12:54.157722
BikePoints_266,"Queen's Gate (North), Kensington",51.501026,-0.180246,0,38,41,2026-09-24T18:12:54.157725
BikePoints_267,"Regency Street, Westminster",51.49206,-0.132224,17,4,22,2026-09-24T18:12:54.157728
BikePoints_268,"Belgrave Road, Victoria",51.493204,-0.144132,23,4,29,2026-09-24T18:12:54.157731
BikePoints_269,"Empire Square, The Borough",51.500823,-0.08974,34,12,46,2026-09-24T18:12:54.157733
BikePoints_271,"London Zoo,  The Regent's Park",51.535836,-0.156285,14,18,32,2026-09-24T18:12:54.157736
BikePoints_272,"Baylis Road, Waterloo",51.501444,-0.110699,22,0,22,2026-09-24T18:12:54.157740
BikePoints_273,"Belvedere Road 1, South Bank",51.506133,-0.114686,13,23,38,2026-09-24T18:12:54.157744
BikePoints_274,"Warwick Road, Olympia",51.496712,-0.205284,19,14,36,2026-09-24T18:12:54.157747
BikePoints_275,"Barbican Centre, Barbican",51.520044,-0.092176,3,16,19,2026-09-24T18:12:54.157752
BikePoints_276,"Lower Thames Street, Monument",51.509301,-0.084985,11,12,24,2026-09-24T18:12:54.157758
BikePoints_277,"Kensington Church Street, Kensington",51.503157,-0.191496,5,5,17,2026-09-24T18:12:54.157762
BikePoints_278,"Tooley Street, Bermondsey",51.503493,-0.07962,21,5,27,2026-09-24T18:12:54.157765
BikePoints_279,"North Wharf Road, Paddington",51.518623,-0.176603,9,11,23,2026-09-24T18:12:54.157768
BikePoints_280,"Royal Avenue 2, Chelsea",51.490083,-0.162418,2,8,10,2026-09-24T18:12:54.157771
BikePoints_281,"Smith Square, Westminster",51.495805,-0.127575,5,11,18,2026-09-24T18:12:54.157774
BikePoints_282,"Royal London Hospital, Whitechapel",51.518675,-0.06111,28,11,42,2026-09-24T18:12:54.157777
BikePoints_283,"Kingsway, Covent Garden",51.514409,-0.118478,13,0,16,2026-09-24T18:12:54.157780
BikePoints_284,"Lambeth North Station, Waterloo",51.49914,-0.112031,6,13,20,2026-09-24T18:12:54.157783
BikePoints_286,"St. John's Wood Road, St. John's Wood",51.527294,-0.174653,10,23,35,2026-09-24T18:12:54.157786
BikePoints_287,"Bedford Way, Bloomsbury",51.523673,-0.128377,4,19,23,2026-09-24T18:12:54.157789
BikePoints_288,"Elizabeth Bridge, Victoria",51.492369,-0.147478,27,6,34,2026-09-24T18:12:54.157792
BikePoints_289,"South Audley Street, Mayfair",51.50923,-0.151289,12,1,15,2026-09-24T18:12:54.157796
BikePoints_290,"St Mary's Hospital, Paddington",51.518268,-0.171103,6,11,20,2026-09-24T18:12:54.157801
BikePoints_291,"Claverton Street, Pimlico",51.484839,-0.138089,5,24,32,2026-09-24T18:12:54.157804
BikePoints_292,"Montpelier Street, Knightsbridge",51.498884,-0.165471,3,12,16,2026-09-24T18:12:54.157808
BikePoints_293,"Kensington Olympia Station, Olympia",51.498157,-0.209494,15,6,25,2026-09-24T18:12:54.157811
BikePoints_294,"St. George's Square, Pimlico",51.488226,-0.135635,10,5,16,2026-09-24T18:12:54.157814
BikePoints_295,"Swan Street, The Borough",51.500296,-0.092762,4,23,27,2026-09-24T18:12:54.157819
BikePoints_296,"Knaresborough Place, Earl's Court",51.493631,-0.190603,6,11,18,2026-09-24T18:12:54.157822
BikePoints_297,"Geraldine Street, Elephant & Castle",51.496127,-0.106,2,15,17,2026-09-24T18:12:54.157825
BikePoints_298,"Curlew Street, Shad Thames",51.502279,-0.074189,6,15,21,2026-09-24T18:12:54.157828
BikePoints_299,"Vincent Square, Westminster",51.493985,-0.136928,14,4,19,2026-09-24T18:12:54.157832
BikePoints_300,"Serpentine Car Park, Hyde Park",51.505014,-0.17306,0,17,18,2026-09-24T18:12:54.157835
BikePoints_302,"Putney Pier, Wandsworth",51.466907,-0.216573,7,18,28,2026-09-24T18:12:54.157838
BikePoints_303,"Albert Gate, Hyde Park",51.502953,-0.158456,7,26,34,2026-09-24T18:12:54.157841
BikePoints_306,"Rathbone Street, Fitzrovia",51.518162,-0.135025,10,5,16,2026-09-24T18:12:54.157844
BikePoints_307,"Black Lion Gate, Kensington Gardens",51.509908,-0.187842,13,9,24,2026-09-24T18:12:54.157847
BikePoints_308,"Long Lane , Bermondsey",51.499075,-0.085666,9,9,20,2026-09-24T18:12:54.157850
BikePoints_309,"Embankment (Savoy), Strand",51.509631,-0.119047,29,12,41,2026-09-24T18:12:54.157853
BikePoints_310,"Black Prince Road, Vauxhall",51.490867,-0.116911,1,16,19,2026-09-24T18:12:54.157856
BikePoints_311,"Foley Street, Fitzrovia",51.519181,-0.140485,4,19,24,2026-09-24T18:12:54.157859
BikePoints_312,"Grove End Road, St. John's Wood",51.530889,-0.17677,10,9,20,2026-09-24T18:12:54.157862
BikePoints_313,"Wells Street, Fitzrovia",51.517344,-0.138072,2,35,38,2026-09-24T18:12:54.157865
BikePoints_314,"Tyers Gate, Bermondsey",51.500889,-0.083159,28,7,36,2026-09-24T18:12:54.157868
BikePoints_315,"The Tennis Courts, The Regent's Park",51.525367,-0.153463,5,10,16,2026-09-24T18:12:54.157871
BikePoints_316,"Warwick Row, Westminster",51.497998,-0.14296,4,13,21,2026-09-24T18:12:54.157875
BikePoints_317,"Dickens Square, Borough",51.496791,-0.093913,5,25,32,2026-09-24T18:12:54.157878
BikePoints_318,"Sackville Street, Mayfair",51.510048,-0.138846,3,14,18,2026-09-24T18:12:54.157883
BikePoints_319,"Baldwin Street, St. Luke's",51.527025,-0.088542,12,7,21,2026-09-24T18:12:54.157886
BikePoints_320,"Queen Mother Sports Centre, Victoria",51.493573,-0.139956,22,4,26,2026-09-24T18:12:54.157889
BikePoints_321,"Bermondsey Street, Bermondsey",51.497855,-0.081608,5,17,24,2026-09-24T18:12:54.157892
BikePoints_322,"Palissy Street, Shoreditch",51.526293,-0.073955,7,19,26,2026-09-24T18:12:54.157895
BikePoints_323,"Clifton Street, Shoreditch",51.523196,-0.083067,9,15,24,2026-09-24T18:12:54.157898
BikePoints_324,"Ontario Street, Elephant & Castle",51.49652,-0.101384,0,13,15,2026-09-24T18:12:54.157901
BikePoints_326,"Graham Street, Angel",51.532661,-0.099981,13,9,26,2026-09-24T18:12:54.157904
BikePoints_327,"Westbourne Green, Westbourne",51.522168,-0.192814,10,6,21,2026-09-24T18:12:54.157908
BikePoints_328,"New North Road 2, Hoxton",51.53114,-0.086016,8,13,22,2026-09-24T18:12:54.157910
BikePoints_329,"Prince Albert Road, The Regent's Park",51.535892,-0.160854,7,14,24,2026-09-24T18:12:54.157913
BikePoints_330,"Eastbourne Mews, Paddington",51.516417,-0.179135,21,11,34,2026-09-24T18:12:54.157916
BikePoints_331,"Bunhill Row, Moorgate",51.520858,-0.089887,0,25,30,2026-09-24T18:12:54.157921
BikePoints_332,"Nevern Place, Earl's Court",51.493343,-0.194757,8,11,20,2026-09-24T18:12:54.157925
BikePoints_333,"Palace Gardens Terrace, Notting Hill",51.508605,-0.193764,5,30,37,2026-09-24T18:12:54.157928
BikePoints_334,"Agar Grove, Camden Town",51.542891,-0.132253,0,18,18,2026-09-24T18:12:54.157931
BikePoints_335,"Tavistock Street, Covent Garden",51.511968,-0.120718,27,1,33,2026-09-24T18:12:54.157935
BikePoints_336,"Concert Hall Approach, South Bank",51.504841,-0.115153,13,14,30,2026-09-24T18:12:54.157938
BikePoints_337,"Pembridge Villas, Notting Hill",51.511084,-0.197524,1,14,16,2026-09-24T18:12:54.157941
BikePoints_338,"Wellington Street , Strand",51.511756,-0.119643,20,2,24,2026-09-24T18:12:54.157946
BikePoints_340,"Bank of England Museum, Bank",51.514441,-0.087587,4,7,16,2026-09-24T18:12:54.157949
BikePoints_341,"Craven Street, Strand",51.508103,-0.126021,22,1,23,2026-09-24T18:12:54.157953
BikePoints_344,"Goswell Road (City Uni), Finsbury",51.528246,-0.101026,3,12,16,2026-09-24T18:12:54.157956
BikePoints_345,"Flood Street, Chelsea",51.488023,-0.166878,9,21,33,2026-09-24T18:12:54.157959
BikePoints_348,"Grosvenor Square, Mayfair",51.51217,-0.150481,3,11,17,2026-09-24T18:12:54.157962
BikePoints_349,"St. George Street, Mayfair",51.51196,-0.142783,2,16,18,2026-09-24T18:12:54.157965
BikePoints_350,"Queen's Gate, Kensington Gardens",51.501715,-0.179854,10,11,21,2026-09-24T18:12:54.157968
BikePoints_351,"Macclesfield Rd, St Lukes",51.529423,-0.097122,3,23,28,2026-09-24T18:12:54.157971
BikePoints_352,"Vauxhall Street, Vauxhall",51.486965,-0.116625,9,8,19,2026-09-24T18:12:54.157974
BikePoints_353,"Greycoat Street , Westminster",51.494591,-0.134234,6,10,17,2026-09-24T18:12:54.157977
BikePoints_354,"Northumberland Avenue, Strand",51.506767,-0.123702,22,14,37,2026-09-24T18:12:54.157981
BikePoints_355,"Clapham Common Station, Clapham Common",51.461388,-0.139221,19,1,21,2026-09-24T18:12:54.157983
BikePoints_356,"South Kensington Station, South Kensington",51.494412,-0.173881,9,4,15,2026-09-24T18:12:54.157986
BikePoints_357,"Howland Street, Fitzrovia",51.520994,-0.139016,2,28,30,2026-09-24T18:12:54.157989
BikePoints_358,"High Holborn , Covent Garden",51.516398,-0.124257,16,3,20,2026-09-24T18:12:54.157993
BikePoints_359,"Butler Place, Westminster",51.497829,-0.13544,0,14,18,2026-09-24T18:12:54.157996
BikePoints_360,"Howick Place, Westminster",51.496753,-0.138733,8,17,27,2026-09-24T18:12:54.157999
BikePoints_361,"Waterloo Station 2, Waterloo",51.503919,-0.113426,13,38,55,2026-09-24T18:12:54.158002
BikePoints_362,"Royal College Street, Camden Town",51.536264,-0.133952,5,51,57,2026-09-24T18:12:54.158007
BikePoints_363,"Lord's, St. John's Wood",51.529121,-0.171185,20,3,24,2026-09-24T18:12:54.158012
BikePoints_364,"Store Street, Bloomsbury",51.519572,-0.13214,0,31,32,2026-09-24T18:12:54.158015
BikePoints_365,"City Road, Angel",51.530344,-0.100168,35,11,47,2026-09-24T18:12:54.158018
BikePoints_366,"Millennium Hotel, Mayfair",51.510919,-0.151126,6,18,27,2026-09-24T18:12:54.158022
BikePoints_367,"Harrowby Street, Marylebone",51.517372,-0.164207,4,12,16,2026-09-24T18:12:54.158025
BikePoints_368,"Lowndes Square, Knightsbridge",51.50058,-0.158837,20,2,23,2026-09-24T18:12:54.158028
BikePoints_370,"Paddington Green, Paddington",51.520205,-0.174593,0,19,20,2026-09-24T18:12:54.158031
BikePoints_371,"Brockwell Lido, Brixton",51.453118,-0.104955,21,9,30,2026-09-24T18:12:54.158034
BikePoints_372,"Sardinia Street, Holborn",51.515208,-0.117863,2,18,24,2026-09-24T18:12:54.158037
BikePoints_373,"Prince Consort Road, Knightsbridge",51.499806,-0.176415,0,17,18,2026-09-24T18:12:54.158039
BikePoints_374,"Waterloo Station 1, Waterloo",51.504027,-0.113864,32,0,36,2026-09-24T18:12:54.158043
BikePoints_375,"Kensington Town Hall, Kensington",51.501945,-0.194392,1,15,18,2026-09-24T18:12:54.158046
BikePoints_376,"Millbank Tower, Pimlico",51.491884,-0.125674,7,16,24,2026-09-24T18:12:54.158048
BikePoints_377,"Waterloo Bridge, South Bank",51.505354,-0.113656,12,2,15,2026-09-24T18:12:54.158052
BikePoints_378,"Natural History Museum, South Kensington",51.495592,-0.179077,13,28,42,2026-09-24T18:12:54.158055
BikePoints_379,"Turquoise Island, Notting Hill",51.514311,-0.200838,2,18,21,2026-09-24T18:12:54.158058
BikePoints_380,"Stanhope Gate, Mayfair",51.506864,-0.150666,7,12,21,2026-09-24T18:12:54.158061
BikePoints_381,"Charlotte Street, Fitzrovia",51.51953,-0.135777,1,12,14,2026-09-24T18:12:54.158065
BikePoints_382,"Farm Street, Mayfair",51.509351,-0.147449,3,10,15,2026-09-24T18:12:54.158068
BikePoints_383,"Frith Street, Soho",51.513103,-0.131213,14,1,18,2026-09-24T18:12:54.158073
BikePoints_384,"Marloes Road, Kensington",51.496481,-0.192404,1,13,15,2026-09-24T18:12:54.158076
BikePoints_386,"Moor Street, Soho",51.513527,-0.13011,14,1,16,2026-09-24T18:12:54.158079
BikePoints_387,"Fire Brigade Pier, Vauxhall",51.493699,-0.121394,2,28,30,2026-09-24T18:12:54.158082
BikePoints_388,"Southampton Street, Strand",51.510701,-0.121723,11,1,14,2026-09-24T18:12:54.158086
BikePoints_389,"Upper Grosvenor Street, Mayfair",51.51013,-0.155757,5,13,18,2026-09-24T18:12:54.158091
BikePoints_390,"Buxton Street 1, Shoreditch",51.521776,-0.068856,19,22,41,2026-09-24T18:12:54.158094
BikePoints_391,"Clifford Street, Mayfair",51.510662,-0.142345,1,15,17,2026-09-24T18:12:54.158097
BikePoints_392,"Imperial College, Knightsbridge",51.499428,-0.179702,0,30,33,2026-09-24T18:12:54.158100
BikePoints_393,"Snow Hill, Farringdon",51.517334,-0.103604,5,10,15,2026-09-24T18:12:54.158103
BikePoints_394,"Aberdeen Place, St. John's Wood",51.524826,-0.176268,3,13,18,2026-09-24T18:12:54.158106
BikePoints_395,"Cadogan Gardens, Chelsea",51.492462,-0.159919,10,3,15,2026-09-24T18:12:54.158109
BikePoints_396,"Shouldham Street, Marylebone",51.51809,-0.163609,1,15,16,2026-09-24T18:12:54.158113
BikePoints_397,"Devonshire Terrace, Bayswater",51.51348,-0.17977,4,10,16,2026-09-24T18:12:54.158116
BikePoints_398,"Holland Park, Kensington",51.502319,-0.200742,2,26,30,2026-09-24T18:12:54.158119
BikePoints_399,"Brick Lane Market, Shoreditch",51.522617,-0.071653,11,11,24,2026-09-24T18:12:54.158121
BikePoints_400,"George Street, Marylebone",51.517703,-0.154106,6,17,27,2026-09-24T18:12:54.158124
BikePoints_401,"Columbia Road, Shoreditch",51.528187,-0.075375,18,5,24,2026-09-24T18:12:54.158128
BikePoints_402,"Penfold Street, Marylebone",51.522892,-0.171681,4,10,15,2026-09-24T18:12:54.158132
BikePoints_403,"George Place Mews, Marylebone",51.516892,-0.158249,1,14,16,2026-09-24T18:12:54.158137
BikePoints_404,"Palace Gate, Kensington Gardens",51.502042,-0.1844,2,11,13,2026-09-24T18:12:54.158142
BikePoints_405,"Gloucester Road Station, South Kensington",51.494185,-0.18267,9,1,15,2026-09-24T18:12:54.158145
BikePoints_408,"Sun Street, Liverpool Street",51.520009,-0.083935,7,15,24,2026-09-24T18:12:54.158148
BikePoints_409,"Strata, Elephant & Castle",51.493146,-0.099828,40,1,41,2026-09-24T18:12:54.158151
BikePoints_410,"Orchard Place, Blackwall Tunnel",51.510212,0.004979,20,0,24,2026-09-24T18:12:54.158154
BikePoints_411,"Rotherhithe Roundabout, Rotherhithe",51.499169,-0.055846,13,3,19,2026-09-24T18:12:54.158158
BikePoints_412,"Cleaver Street, Kennington",51.488105,-0.110121,3,12,17,2026-09-24T18:12:54.158161
BikePoints_419,"Chelsea Bridge, Pimlico",51.485821,-0.149004,1,14,15,2026-09-24T18:12:54.158164
BikePoints_423,"Eaton Square (South), Belgravia",51.494561,-0.153933,30,0,31,2026-09-24T18:12:54.158169
BikePoints_424,"Ebury Bridge, Pimlico",51.490491,-0.149186,25,3,29,2026-09-24T18:12:54.158172
BikePoints_426,"Vincent Street, Pimlico",51.493072,-0.129925,2,14,17,2026-09-24T18:12:54.158176
BikePoints_427,"Cheapside, Bank",51.51397,-0.09294,4,35,43,2026-09-24T18:12:54.158179
BikePoints_428,"Exhibition Road, Knightsbridge",51.499917,-0.174554,4,12,20,2026-09-24T18:12:54.158182
BikePoints_430,"South Parade, Chelsea",51.48902,-0.17524,1,17,18,2026-09-24T18:12:54.158185
BikePoints_431,"Crinan Street, King's Cross",51.534474,-0.122203,1,17,20,2026-09-24T18:12:54.158187
BikePoints_432,"Exhibition Road Museums 1, South Kensington",51.496468,-0.173796,1,11,13,2026-09-24T18:12:54.158191
BikePoints_433,"Wren Street, Holborn",51.524564,-0.116279,5,25,33,2026-09-24T18:12:54.158194
BikePoints_435,"Kennington Station, Kennington",51.488852,-0.105593,9,14,23,2026-09-24T18:12:54.158196
BikePoints_436,"Red Lion Street, Holborn",51.51824,-0.11655,0,34,36,2026-09-24T18:12:54.158200
BikePoints_437,"Vauxhall Walk, Vauxhall",51.488124,-0.120903,19,8,27,2026-09-24T18:12:54.158205
BikePoints_439,"Killick Street, King's Cross",51.5338,-0.118677,2,20,22,2026-09-24T18:12:54.158209
BikePoints_440,"Kennington Oval, Oval",51.483145,-0.113134,6,27,33,2026-09-24T18:12:54.158212
BikePoints_441,"Sail Street, Vauxhall",51.495656,-0.114605,10,12,24,2026-09-24T18:12:54.158215
BikePoints_442,"Walmer Road, Avondale",51.510101,-0.211358,19,1,24,2026-09-24T18:12:54.158218
BikePoints_443,"Philpot Street, Whitechapel",51.515256,-0.058641,19,10,30,2026-09-24T18:12:54.158223
BikePoints_444,"Bethnal Green Garden, Bethnal Green",51.52568,-0.055312,11,12,24,2026-09-24T18:12:54.158226
BikePoints_445,"Cheshire Street, Bethnal Green",51.52388,-0.065076,1,25,28,2026-09-24T18:12:54.158229
BikePoints_446,"York Hall, Bethnal Green",51.528936,-0.055894,16,9,27,2026-09-24T18:12:54.158233
BikePoints_447,"Jubilee Crescent, Cubitt Town",51.493381,-0.007542,6,47,54,2026-09-24T18:12:54.158236
BikePoints_448,"Fisherman's Walk West, Canary Wharf",51.50623,-0.02296,25,8,36,2026-09-24T18:12:54.158239
BikePoints_449,"Shadwell Station, Shadwell",51.511088,-0.057159,15,14,35,2026-09-24T18:12:54.158242
BikePoints_450,"Jubilee Street, Stepney",51.515975,-0.053177,6,17,28,2026-09-24T18:12:54.158246
BikePoints_451,"Hermitage Court, Wapping",51.504719,-0.063531,15,0,16,2026-09-24T18:12:54.158249
BikePoints_452,"St. Katharine's Way, Tower",51.505697,-0.070542,14,9,24,2026-09-24T18:12:54.158252
BikePoints_453,"Garnet Street, Shadwell",51.508447,-0.055167,4,17,24,2026-09-24T18:12:54.158255
BikePoints_454,"Napier Avenue, Millwall",51.487679,-0.021582,2,17,20,2026-09-24T18:12:54.158258
BikePoints_455,"East Ferry Road, Cubitt Town",51.49447,-0.014409,10,6,17,2026-09-24T18:12:54.158266
BikePoints_456,"Albert Street, Camden Town",51.537706,-0.144801,6,17,26,2026-09-24T18:12:54.158270
BikePoints_457,"Castlehaven Road, Camden Town",51.542138,-0.145393,6,22,29,2026-09-24T18:12:54.158272
BikePoints_458,"Wapping Lane, Wapping",51.504749,-0.057544,23,3,28,2026-09-24T18:12:54.158277
BikePoints_459,"Gunmakers Lane, Old Ford",51.535179,-0.03338,4,12,17,2026-09-24T18:12:54.158281
BikePoints_461,"Aston Street, Stepney",51.516,-0.038775,12,14,26,2026-09-24T18:12:54.158284
BikePoints_462,"Bonny Street, Camden Town",51.541603,-0.138853,4,39,45,2026-09-24T18:12:54.158287
BikePoints_463,"Thurtle Road, Haggerston",51.534776,-0.071881,2,18,22,2026-09-24T18:12:54.158290
BikePoints_464,"St. Mary & St. Michael Church, Stepney",51.51417,-0.052099,17,7,25,2026-09-24T18:12:54.158293
BikePoints_466,"Whiston Road, Haggerston",51.534464,-0.076341,2,16,21,2026-09-24T18:12:54.158296
BikePoints_467,"Southern Grove, Bow",51.523538,-0.030556,4,10,17,2026-09-24T18:12:54.158299
BikePoints_468,"Cantrell Road, Bow",51.521564,-0.022694,12,12,24,2026-09-24T18:12:54.158302
BikePoints_469,"Lindfield Street, Poplar",51.513757,-0.020467,21,21,44,2026-09-24T18:12:54.158305
BikePoints_470,"Mostyn Grove, Bow",51.530535,-0.025492,23,20,46,2026-09-24T18:12:54.158308
BikePoints_471,"Hewison Street, Old Ford",51.533283,-0.028155,2,16,19,2026-09-24T18:12:54.158311
BikePoints_472,"Malmesbury Road, Bow",51.529452,-0.027616,9,12,21,2026-09-24T18:12:54.158314
BikePoints_473,"Millharbour, Millwall",51.496137,-0.019355,10,8,19,2026-09-24T18:12:54.158317
BikePoints_474,"Gascoyne Road, Victoria Park",51.541515,-0.038557,12,7,20,2026-09-24T18:12:54.158320
BikePoints_475,"Lightermans Road, Millwall",51.499041,-0.020157,18,8,31,2026-09-24T18:12:54.158323
BikePoints_476,"Stebondale Street, Cubitt Town",51.489096,-0.009205,9,19,29,2026-09-24T18:12:54.158326
BikePoints_477,"Spindrift Avenue, Millwall",51.49109,-0.018716,8,27,36,2026-09-24T18:12:54.158329
BikePoints_478,"Stepney Green Station, Stepney",51.521889,-0.04667,7,10,21,2026-09-24T18:12:54.158332
BikePoints_479,"Pott Street, Bethnal Green",51.527152,-0.058005,7,13,20,2026-09-24T18:12:54.158337
BikePoints_480,"Flamborough Street, Limehouse",51.512871,-0.038986,23,0,24,2026-09-24T18:12:54.158340
BikePoints_481,"Saunders Ness Road, Cubitt Town",51.487129,-0.009001,22,10,35,2026-09-24T18:12:54.158343
BikePoints_482,"Exhibition Road Museums 2, South Kensington",51.495947,-0.173689,2,12,14,2026-09-24T18:12:54.158346
BikePoints_483,"Albert Gardens, Stepney",51.51328,-0.047784,12,18,33,2026-09-24T18:12:54.158350
BikePoints_484,"Bromley High Street, Bow",51.528828,-0.013258,15,5,24,2026-09-24T18:12:54.158352
BikePoints_485,"Old Ford Road, Bethnal Green",51.531127,-0.048017,5,17,24,2026-09-24T18:12:54.158355
BikePoints_486,"Granby Street, Shoreditch",51.525645,-0.069543,12,24,37,2026-09-24T18:12:54.158359
BikePoints_487,"Canton Street, Poplar",51.511811,-0.025626,18,2,23,2026-09-24T18:12:54.158362
BikePoints_488,"Reardon Street, Wapping",51.506946,-0.058681,7,12,22,2026-09-24T18:12:54.158365
BikePoints_489,"Christian Street, Whitechapel",51.513074,-0.064094,20,12,34,2026-09-24T18:12:54.158369
BikePoints_490,"Pennington Street, Wapping",51.508622,-0.065006,33,12,45,2026-09-24T18:12:54.158372
BikePoints_491,"Queen Mary's, Mile End",51.522507,-0.041378,2,41,45,2026-09-24T18:12:54.158375
BikePoints_494,"South Quay East, Canary Wharf",51.50196,-0.016251,33,2,36,2026-09-24T18:12:54.158378
BikePoints_495,"Bow Church Station, Bow",51.528169,-0.018703,12,25,39,2026-09-24T18:12:54.158381
BikePoints_496,"Devons Road, Bow",51.52512,-0.015578,20,14,39,2026-09-24T18:12:54.158384
BikePoints_497,"Merchant Street, Bow",51.526578,-0.027581,26,0,27,2026-09-24T18:12:54.158387
BikePoints_498,"Bow Road Station, Bow",51.527058,-0.025296,15,22,42,2026-09-24T18:12:54.158390
BikePoints_499,"Furze Green, Bow",51.519265,-0.021345,16,16,36,2026-09-24T18:12:54.158393
BikePoints_500,"Ansell House, Stepney",51.520019,-0.05438,8,32,41,2026-09-24T18:12:54.158396
BikePoints_501,"Cephas Street, Bethnal Green",51.522561,-0.054883,8,15,24,2026-09-24T18:12:54.158402
BikePoints_502,"Bonner Gate, Victoria Park",51.53341,-0.049591,15,4,21,2026-09-24T18:12:54.158405
BikePoints_503,"Cleveland Way, Stepney",51.520893,-0.051394,24,10,36,2026-09-24T18:12:54.158408
BikePoints_504,"St. John's Park, Cubitt Town",51.496454,-0.009506,4,24,30,2026-09-24T18:12:54.158411
BikePoints_505,"Ackroyd Drive, Bow",51.520398,-0.026768,15,12,29,2026-09-24T18:12:54.158414
BikePoints_506,"Bell Lane, Liverpool Street",51.517475,-0.075855,7,16,23,2026-09-24T18:12:54.158417
BikePoints_507,"Clarkson Street, Bethnal Green",51.528692,-0.059091,9,21,31,2026-09-24T18:12:54.158421
BikePoints_508,"Fournier Street, Whitechapel",51.519362,-0.074431,6,10,18,2026-09-24T18:12:54.158424
BikePoints_509,"Fore Street Avenue, Guildhall",51.517842,-0.090075,1,16,19,2026-09-24T18:12:54.158426
BikePoints_510,"Westferry DLR, Limehouse",51.509303,-0.025996,34,1,41,2026-09-24T18:12:54.158430
BikePoints_511,"Sutton Street, Shadwell",51.511066,-0.053558,18,13,33,2026-09-24T18:12:54.158438
BikePoints_513,"Watney Market, Stepney",51.514222,-0.055656,38,12,51,2026-09-24T18:12:54.158441
BikePoints_514,"Portman Square, Marylebone",51.516204,-0.155525,5,10,17,2026-09-24T18:12:54.158444
BikePoints_515,"Russell Gardens, Olympia",51.500088,-0.211316,9,14,24,2026-09-24T18:12:54.158447
BikePoints_516,"Chrisp Street Market, Poplar",51.5112,-0.014438,13,3,18,2026-09-24T18:12:54.158450
BikePoints_517,"Ford Road, Old Ford",51.532513,-0.033085,5,11,18,2026-09-24T18:12:54.158453
BikePoints_518,"Antill Road, Mile End",51.528224,-0.037471,0,28,30,2026-09-24T18:12:54.158457
BikePoints_519,"Teviot Street, Poplar",51.518811,-0.011662,24,8,33,2026-09-24T18:12:54.158459
BikePoints_520,"Bancroft Road, Bethnal Green",51.526041,-0.047218,7,12,21,2026-09-24T18:12:54.158462
BikePoints_521,"Driffield Road, Old Ford",51.534137,-0.037366,2,14,19,2026-09-24T18:12:54.158468
BikePoints_522,"Clinton Road, Mile End",51.525941,-0.036017,17,18,36,2026-09-24T18:12:54.158471
BikePoints_523,"Langdon Park, Poplar",51.51549,-0.013475,18,4,24,2026-09-24T18:12:54.158475
BikePoints_524,"Lancaster Gate , Bayswater",51.511654,-0.179668,14,21,38,2026-09-24T18:12:54.158477
BikePoints_525,"Blythe Road, Olympia",51.496927,-0.2135,14,10,24,2026-09-24T18:12:54.158481
BikePoints_526,"Lancaster Drive, Blackwall",51.503143,-0.008428,5,20,27,2026-09-24T18:12:54.158484
BikePoints_527,"Hansard Mews, Holland Park",51.503802,-0.215808,20,0,20,2026-09-24T18:12:54.158487
BikePoints_528,"Clarges Street, Mayfair",51.507326,-0.145827,0,15,16,2026-09-24T18:12:54.158490
BikePoints_529,"Manresa Road, Chelsea",51.486892,-0.170983,5,12,18,2026-09-24T18:12:54.158493
BikePoints_530,"Newby Place, Poplar",51.508896,-0.012413,8,9,18,2026-09-24T18:12:54.158495
BikePoints_531,"Twig Folly Bridge, Mile End",51.530326,-0.042744,10,8,21,2026-09-24T18:12:54.158499
BikePoints_532,"Jubilee Plaza, Canary Wharf",51.5034,-0.020242,38,20,63,2026-09-24T18:12:54.158502
BikePoints_533,"Wellington Row, Bethnal Green",51.528222,-0.069743,11,21,33,2026-09-24T18:12:54.158505
BikePoints_534,"Goldsmith's Row, Haggerston",51.531864,-0.066035,10,15,27,2026-09-24T18:12:54.158508
BikePoints_536,"Queensbridge Road, Haggerston",51.53385,-0.06992,4,31,35,2026-09-24T18:12:54.158511
BikePoints_537,"Old Montague Street, Whitechapel",51.51793,-0.067937,8,9,18,2026-09-24T18:12:54.158514
BikePoints_538,"Naval Row, Blackwall",51.508981,-0.00699,14,6,21,2026-09-24T18:12:54.158517
BikePoints_539,"Hoxton Station, Hoxton",51.531091,-0.075901,7,14,22,2026-09-24T18:12:54.158520
BikePoints_541,"Green Park Station, Mayfair",51.506613,-0.142844,5,19,28,2026-09-24T18:12:54.158523
BikePoints_542,"Salmon Lane, Limehouse",51.514115,-0.033828,10,23,33,2026-09-24T18:12:54.158527
BikePoints_543,"Lansdowne Walk, Ladbroke Grove",51.509591,-0.204666,7,14,21,2026-09-24T18:12:54.158532
BikePoints_544,"Percival Street, Finsbury",51.526153,-0.102208,17,3,22,2026-09-24T18:12:54.158535
BikePoints_545,"Arlington Road, Camden Town",51.539957,-0.145246,1,22,24,2026-09-24T18:12:54.158538
BikePoints_546,"New Fetter Lane, Holborn",51.517428,-0.107987,3,14,21,2026-09-24T18:12:54.158541
BikePoints_547,"East India DLR, Blackwall",51.509474,-0.002275,29,18,51,2026-09-24T18:12:54.158544
BikePoints_548,"Westminster Bridge Road, Elephant & Castle",51.498386,-0.107913,1,25,26,2026-09-24T18:12:54.158547
BikePoints_549,"Gaywood  Street, Elephant & Castle",51.49605,-0.104193,2,42,45,2026-09-24T18:12:54.158550
BikePoints_550,"Harford Street, Mile End",51.521564,-0.039264,2,20,23,2026-09-24T18:12:54.158552
BikePoints_551,"Import Dock, Canary Wharf",51.505772,-0.01646,12,22,39,2026-09-24T18:12:54.158555
BikePoints_552,"Watney Street, Shadwell",51.511542,-0.056667,15,10,27,2026-09-24T18:12:54.158558
BikePoints_553,"Regent's Row , Haggerston",51.535678,-0.062546,7,15,24,2026-09-24T18:12:54.158562
BikePoints_554,"Aberfeldy Street, Poplar",51.513548,-0.005659,6,7,16,2026-09-24T18:12:54.158564
BikePoints_556,"Heron Quays DLR, Canary Wharf",51.502661,-0.021596,22,4,27,2026-09-24T18:12:54.158568
BikePoints_557,"King Edward Street, St Pauls",51.51601,-0.0985,0,17,20,2026-09-24T18:12:54.158571
BikePoints_558,"Page Street, Westminster",51.493978,-0.127554,15,8,24,2026-09-24T18:12:54.158574
BikePoints_559,"Abbotsbury Road, Holland Park",51.501391,-0.205991,5,17,24,2026-09-24T18:12:54.158577
BikePoints_561,"Rectory Square, Stepney",51.518369,-0.043371,2,20,22,2026-09-24T18:12:54.158580
BikePoints_562,"Bury Place, Holborn",51.51742,-0.123189,11,10,21,2026-09-24T18:12:54.158583
BikePoints_563,"Preston's Road, Cubitt Town",51.499286,-0.009152,4,21,26,2026-09-24T18:12:54.158586
BikePoints_564,"Somerset House, Strand",51.509943,-0.117619,33,2,41,2026-09-24T18:12:54.158591
BikePoints_565,"Selby Street, Whitechapel",51.521905,-0.063386,9,7,17,2026-09-24T18:12:54.158594
BikePoints_568,"Bishop's Bridge Road West, Bayswater",51.51616,-0.18697,17,1,18,2026-09-24T18:12:54.158599
BikePoints_570,"Upper Bank Street, Canary Wharf",51.503083,-0.017676,17,18,36,2026-09-24T18:12:54.158602
BikePoints_571,"Westfield Southern Terrace ,Shepherd's Bush",51.506256,-0.218337,20,7,29,2026-09-24T18:12:54.158605
BikePoints_572,"Greenland Road, Camden Town",51.539099,-0.141728,12,22,36,2026-09-24T18:12:54.158609
BikePoints_573,"Limerston Street, West Chelsea",51.485587,-0.18119,1,14,18,2026-09-24T18:12:54.158611
BikePoints_574,"Eagle Wharf Road, Hoxton",51.53356,-0.09315,22,21,45,2026-09-24T18:12:54.158615
BikePoints_576,"Alpha Grove, Millwall",51.497304,-0.022793,3,19,23,2026-09-24T18:12:54.158618
BikePoints_577,"Globe Town Market, Bethnal Green",51.528869,-0.047548,3,13,20,2026-09-24T18:12:54.158621
BikePoints_578,"Hollybush Gardens, Bethnal Green",51.527607,-0.057133,28,3,32,2026-09-24T18:12:54.158624
BikePoints_579,"Queen Street 2, Bank",51.511246,-0.093051,28,3,36,2026-09-24T18:12:54.158627
BikePoints_580,"Doddington Grove, Kennington",51.486929,-0.102996,18,18,36,2026-09-24T18:12:54.158630
BikePoints_581,"New Cavendish Street, Marylebone",51.519167,-0.147983,5,10,18,2026-09-24T18:12:54.158633
BikePoints_583,"Abingdon Green, Westminster",51.49764,-0.125972,5,11,20,2026-09-24T18:12:54.158636
BikePoints_584,"Ilchester Gardens, Bayswater",51.51244,-0.19096,3,16,21,2026-09-24T18:12:54.158639
BikePoints_586,"Mudchute DLR, Cubitt Town",51.490645,-0.014582,1,29,31,2026-09-24T18:12:54.158644
BikePoints_587,"Monument Street, Monument",51.50964,-0.08497,7,12,22,2026-09-24T18:12:54.158647
BikePoints_588,"Hoxton Street, Hoxton",51.52959,-0.0801,10,16,27,2026-09-24T18:12:54.158651
BikePoints_589,"Drayton Gardens, West Chelsea",51.487196,-0.179369,10,6,18,2026-09-24T18:12:54.158654
BikePoints_590,"Greenberry Street, St.John's Wood",51.53256,-0.16862,11,15,26,2026-09-24T18:12:54.158659
BikePoints_591,"Westfield Library Corner, Shepherd's Bush",51.506093,-0.224223,23,0,27,2026-09-24T18:12:54.158662
BikePoints_592,"Bishop's Bridge Road East, Bayswater",51.5171,-0.18377,2,15,20,2026-09-24T18:12:54.158666
BikePoints_593,"Northdown Street, King's Cross",51.531066,-0.11934,8,13,21,2026-09-24T18:12:54.158669
BikePoints_594,"Kingsway Southbound, Strand",51.513875,-0.117774,1,26,33,2026-09-24T18:12:54.158672
BikePoints_595,"Hammersmith Road, Hammersmith",51.493267,-0.21985,2,18,22,2026-09-24T18:12:54.158675
BikePoints_596,"Parson's Green , Parson's Green",51.472817,-0.199783,9,10,21,2026-09-24T18:12:54.158678
BikePoints_597,"Fulham Park Road, Fulham",51.473471,-0.20782,3,22,27,2026-09-24T18:12:54.158682
BikePoints_598,"Southerton Road, Hammersmith",51.494499,-0.228188,21,14,38,2026-09-24T18:12:54.158685
BikePoints_599,"Manbre Road, Hammersmith",51.485743,-0.223616,7,21,28,2026-09-24T18:12:54.158688
BikePoints_600,"South Lambeth Road, Vauxhall",51.481747,-0.124642,14,2,21,2026-09-24T18:12:54.158691
BikePoints_602,"Union Grove, Wandsworth Road",51.472993,-0.133972,7,38,45,2026-09-24T18:12:54.158694
BikePoints_603,"Caldwell Street, Stockwell",51.477839,-0.116493,7,36,44,2026-09-24T18:12:54.158697
BikePoints_604,"St Martins Close, Camden Town",51.538792,-0.138535,3,14,18,2026-09-24T18:12:54.158701
BikePoints_605,"Seymour Place, Marylebone",51.520331,-0.163667,11,16,29,2026-09-24T18:12:54.158716
BikePoints_606,"Addison Road, Holland Park",51.504199,-0.210941,6,19,26,2026-09-24T18:12:54.158719
BikePoints_607,"Putney Bridge Station, Fulham",51.468814,-0.210279,14,7,21,2026-09-24T18:12:54.158722
BikePoints_608,"Colet Gardens, Hammersmith",51.491093,-0.216493,2,28,30,2026-09-24T18:12:54.158725
BikePoints_609,"Sugden Road, Clapham",51.465123,-0.157788,8,9,19,2026-09-24T18:12:54.158729
BikePoints_610,"Danvers Street, West Chelsea",51.482567,-0.172078,8,13,21,2026-09-24T18:12:54.158734
BikePoints_611,"Princedale Road , Holland Park",51.506465,-0.208486,8,10,20,2026-09-24T18:12:54.158737
BikePoints_612,"Wandsworth Rd, Isley Court, Wandsworth Road",51.469259,-0.141812,24,6,30,2026-09-24T18:12:54.158740
BikePoints_613,"Woodstock Grove, Shepherd's Bush",51.504038,-0.2174,12,9,24,2026-09-24T18:12:54.158743
BikePoints_615,"Finlay Street, Fulham",51.476885,-0.215895,10,13,24,2026-09-24T18:12:54.158746
BikePoints_616,"Aintree Street, Fulham",51.481021,-0.209973,8,11,24,2026-09-24T18:12:54.158749
BikePoints_617,"Elysium Place, Fulham",51.471079,-0.207842,8,13,21,2026-09-24T18:12:54.158752
BikePoints_618,"Eel Brook Common, Walham Green",51.476259,-0.193254,2,21,24,2026-09-24T18:12:54.158755
BikePoints_619,"Irene Road, Parsons Green",51.473763,-0.19701,5,17,23,2026-09-24T18:12:54.158758
BikePoints_620,"Surrey Lane, Battersea",51.47518,-0.16716,1,23,26,2026-09-24T18:12:54.158761
BikePoints_621,"Wandsworth Town Station, Wandsworth",51.460864,-0.187427,20,12,33,2026-09-24T18:12:54.158764
BikePoints_622,"Lansdowne Road, Ladbroke Grove",51.507481,-0.205535,5,23,29,2026-09-24T18:12:54.158767
BikePoints_623,"Nantes Close, Wandsworth",51.46193,-0.180791,8,14,22,2026-09-24T18:12:54.158770
BikePoints_624,"Courland Grove, Wandsworth Road",51.472918,-0.132102,22,17,40,2026-09-24T18:12:54.158773
BikePoints_625,"Queen's Circus, Battersea Park",51.477619,-0.149551,20,3,28,2026-09-24T18:12:54.158778
BikePoints_626,"Normand Park, West Kensington",51.484386,-0.204815,11,11,24,2026-09-24T18:12:54.158781
BikePoints_627,"Holden Street, Battersea",51.46879,-0.15823,4,16,20,2026-09-24T18:12:54.158784
BikePoints_628,"William Morris Way, Sands End",51.468819,-0.184318,10,14,26,2026-09-24T18:12:54.158787
BikePoints_629,"Morie Street, Wandsworth",51.459953,-0.190184,21,7,28,2026-09-24T18:12:54.158791
BikePoints_630,"Clarence Walk, Stockwell",51.470732,-0.126994,10,17,28,2026-09-24T18:12:54.158794
BikePoints_631,"Battersea Park Road, Nine Elms",51.479501,-0.14177,11,15,27,2026-09-24T18:12:54.158799
BikePoints_632,"Sheepcote Lane, Battersea",51.470538,-0.163041,7,21,28,2026-09-24T18:12:54.158802
BikePoints_633,"Vereker Road, West Kensington",51.489591,-0.209378,9,19,32,2026-09-24T18:12:54.158805
BikePoints_634,"Brook Green South, Brook Green",51.494347,-0.215804,3,28,33,2026-09-24T18:12:54.158809
BikePoints_635,"Greyhound Road, Hammersmith",51.486062,-0.214428,5,32,37,2026-09-24T18:12:54.158812
BikePoints_636,"South Park, Sands End",51.467064,-0.193502,7,19,28,2026-09-24T18:12:54.158815
BikePoints_638,"Falcon Road, Clapham Junction",51.466633,-0.169821,25,0,28,2026-09-24T18:12:54.158818
BikePoints_640,"Silverthorne Road, Battersea",51.472865,-0.148059,9,18,28,2026-09-24T18:12:54.158821
BikePoints_641,"Archbishop's Park, Waterloo",51.498241,-0.117495,7,14,23,2026-09-24T18:12:54.158824
BikePoints_642,"Fawcett Close, Battersea",51.469161,-0.174485,11,18,30,2026-09-24T18:12:54.158827
BikePoints_643,"All Saints' Road, Portobello",51.519042,-0.204764,2,20,22,2026-09-24T18:12:54.158830
BikePoints_644,"Rainville Road, Hammersmith",51.483732,-0.223852,5,30,36,2026-09-24T18:12:54.158833
BikePoints_645,"Great Suffolk Street, The Borough",51.501732,-0.100292,10,7,21,2026-09-24T18:12:54.158836
BikePoints_646,"Buckingham Gate, Westminster",51.498865,-0.137424,5,11,16,2026-09-24T18:12:54.158839
BikePoints_647,"Richmond Way, Shepherd's Bush",51.500353,-0.217515,13,12,27,2026-09-24T18:12:54.158843
BikePoints_648,"Peterborough Road, Sands End",51.46904,-0.196274,18,2,20,2026-09-24T18:12:54.158846
BikePoints_649,"World's End Place, West Chelsea",51.481805,-0.180274,5,16,22,2026-09-24T18:12:54.158849
BikePoints_650,"St. Mark's Road, North Kensington",51.51687,-0.213872,8,12,21,2026-09-24T18:12:54.158851
BikePoints_651,"Thorndike Close, West Chelsea",51.480898,-0.183853,4,21,25,2026-09-24T18:12:54.158854
BikePoints_652,"Evesham Street, Avondale",51.511486,-0.21819,10,7,20,2026-09-24T18:12:54.158859
BikePoints_653,"Simpson Street, Clapham Junction",51.470847,-0.170703,9,14,25,2026-09-24T18:12:54.158865
BikePoints_654,"Ashmole Estate, Oval",51.482678,-0.117661,8,25,34,2026-09-24T18:12:54.158868
BikePoints_655,"Crabtree Lane, Fulham",51.482944,-0.219346,1,26,27,2026-09-24T18:12:54.158871
BikePoints_656,"Broomhouse Lane, Parsons Green",51.468418,-0.199135,20,8,29,2026-09-24T18:12:54.158875
BikePoints_657,"Blythe Road West, Shepherd's Bush",51.49968,-0.221791,3,18,21,2026-09-24T18:12:54.158878
BikePoints_658,"Ethelburga Estate, Battersea Park",51.477292,-0.164786,5,23,30,2026-09-24T18:12:54.158881
BikePoints_659,"Blackfriars Station, St. Paul's",51.511934,-0.103078,7,21,35,2026-09-24T18:12:54.158883
BikePoints_660,"West Kensington Station, West Kensington",51.49087,-0.206029,2,17,22,2026-09-24T18:12:54.158886
BikePoints_661,"All Saints Church, Portobello",51.51632,-0.202608,8,27,37,2026-09-24T18:12:54.158891
BikePoints_662,"Phene Street, Chelsea",51.484984,-0.167919,3,20,24,2026-09-24T18:12:54.158894
BikePoints_663,"Clarendon Road, Avondale",51.51323,-0.211593,2,21,24,2026-09-24T18:12:54.158898
BikePoints_664,"Austin Road, Battersea Park",51.474376,-0.155442,1,22,24,2026-09-24T18:12:54.158900
BikePoints_665,"Smugglers Way, Wandsworth",51.461083,-0.191722,9,17,27,2026-09-24T18:12:54.158903
BikePoints_666,"Harris Academy, Bermondsey",51.492668,-0.07235,10,8,18,2026-09-24T18:12:54.158906
BikePoints_667,"Shepherd's Bush Road North, Shepherd's Bush",51.501594,-0.222293,19,14,34,2026-09-24T18:12:54.158909
BikePoints_668,"Ravenscourt Park Station, Hammersmith",51.494223,-0.236769,16,3,26,2026-09-24T18:12:54.158912
BikePoints_669,"Teversham Lane, Stockwell",51.476149,-0.123258,24,15,39,2026-09-24T18:12:54.158915
BikePoints_670,"Ashley Crescent, Battersea",51.467185,-0.152248,11,14,28,2026-09-24T18:12:54.158919
BikePoints_671,"Parsons Green Station, Parsons Green",51.475089,-0.201968,5,49,56,2026-09-24T18:12:54.158922
BikePoints_672,"Chicheley Street, South Bank",51.502698,-0.116747,13,7,24,2026-09-24T18:12:54.158927
BikePoints_673,"Hibbert Street, Battersea",51.46517,-0.180389,27,7,36,2026-09-24T18:12:54.158930
BikePoints_674,"Carnegie Street, King's Cross",51.535467,-0.116191,3,36,40,2026-09-24T18:12:54.158934
BikePoints_675,"Usk Road, Clapham Junction",51.463489,-0.182126,13,16,30,2026-09-24T18:12:54.158937
BikePoints_676,"Hartington Road, Stockwell",51.47787,-0.126874,19,16,35,2026-09-24T18:12:54.158940
BikePoints_677,"Heath Road, Battersea",51.468669,-0.146544,6,20,27,2026-09-24T18:12:54.158943
BikePoints_678,"Esmond Street, Putney",51.462312,-0.211468,6,23,30,2026-09-24T18:12:54.158948
BikePoints_679,"Orbel Street, Battersea",51.474535,-0.17021,8,15,26,2026-09-24T18:12:54.158951
BikePoints_680,"Westbridge Road, Battersea",51.477684,-0.170329,16,10,28,2026-09-24T18:12:54.158954
BikePoints_681,"Bishop's Avenue, Fulham",51.473036,-0.214749,23,22,46,2026-09-24T18:12:54.158957
BikePoints_682,"Crisp Road, Hammersmith",51.488108,-0.226606,28,15,46,2026-09-24T18:12:54.158960
BikePoints_683,"Dorothy Road, Clapham Junction",51.465064,-0.16375,4,23,28,2026-09-24T18:12:54.158963
BikePoints_684,"Neville Gill Close, Wandsworth",51.454752,-0.195197,31,0,32,2026-09-24T18:12:54.158965
BikePoints_685,"Osiers Road, Wandsworth",51.46067,-0.198735,8,20,30,2026-09-24T18:12:54.158969
BikePoints_686,"Beryl Road, Hammersmith",51.488144,-0.222456,10,14,26,2026-09-24T18:12:54.158972
BikePoints_687,"Clements Road, Bermondsey",51.4954,-0.061698,9,13,23,2026-09-24T18:12:54.158975
BikePoints_688,"Northfields, Wandsworth",51.460951,-0.200667,3,25,28,2026-09-24T18:12:54.158979
BikePoints_689,"Spanish Road, Clapham Junction",51.459225,-0.180884,14,16,30,2026-09-24T18:12:54.158982
BikePoints_690,"Stanley Grove, Battersea",51.470475,-0.15213,7,17,24,2026-09-24T18:12:54.158985
BikePoints_691,"Erin Close, Walham Green",51.479463,-0.195777,21,1,24,2026-09-24T18:12:54.158990
BikePoints_692,"Cadogan Close, Victoria Park",51.542118,-0.028941,5,14,22,2026-09-24T18:12:54.158994
BikePoints_693,"Felsham Road, Putney",51.464786,-0.215618,5,12,18,2026-09-24T18:12:54.158997
BikePoints_694,"Putney Rail Station, Putney",51.460717,-0.216526,1,17,20,2026-09-24T18:12:54.159000
BikePoints_695,"Islington Green, Angel",51.536384,-0.102757,13,5,21,2026-09-24T18:12:54.159003
BikePoints_696,"Charing Cross Hospital, Hammersmith",51.487285,-0.217995,3,18,21,2026-09-24T18:12:54.159006
BikePoints_697,"Charlotte Terrace, Angel",51.536392,-0.112721,7,14,25,2026-09-24T18:12:54.159009
BikePoints_698,"Shoreditch Court, Haggerston",51.539083,-0.070329,2,33,35,2026-09-24T18:12:54.159012
BikePoints_699,"Belford House, Haggerston",51.536654,-0.07023,0,38,39,2026-09-24T18:12:54.159015
BikePoints_700,"Battersea Church Road, Battersea",51.476964,-0.174347,13,11,25,2026-09-24T18:12:54.159017
BikePoints_701,"Vicarage Crescent, Battersea",51.472876,-0.176267,11,15,30,2026-09-24T18:12:54.159021
BikePoints_702,"Durant Street, Bethnal Green",51.528681,-0.06555,2,22,24,2026-09-24T18:12:54.159024
BikePoints_703,"St. Bride Street, Holborn",51.514665,-0.104583,0,24,24,2026-09-24T18:12:54.159027
BikePoints_704,"Mexfield Road, East Putney",51.45682,-0.202802,13,5,18,2026-09-24T18:12:54.159031
BikePoints_705,"Upper Richmond Road, Putney",51.459715,-0.212145,2,22,25,2026-09-24T18:12:54.159034
BikePoints_706,"Snowsfields, London Bridge",51.502153,-0.083632,19,11,31,2026-09-24T18:12:54.159037
BikePoints_707,"Barons Court Station, West Kensington",51.490217,-0.215087,29,1,32,2026-09-24T18:12:54.159040
BikePoints_708,"Disraeli Road, Putney",51.46161,-0.216145,21,7,33,2026-09-24T18:12:54.159043
BikePoints_709,"Montserrat Road , Putney",51.463211,-0.21555,10,12,23,2026-09-24T18:12:54.159046
BikePoints_710,"Albert Bridge Road, Battersea Park",51.474392,-0.163347,13,3,20,2026-09-24T18:12:54.159049
BikePoints_711,"Everington Street, Fulham",51.483356,-0.216305,0,30,31,2026-09-24T18:12:54.159054
BikePoints_712,"Mile End Stadium, Mile End",51.518541,-0.034903,4,17,22,2026-09-24T18:12:54.159057
BikePoints_713,"Hawley Crescent, Camden Town",51.541007,-0.14326,3,19,22,2026-09-24T18:12:54.159061
BikePoints_714,"Stewart's Road, Wandsworth Road",51.473116,-0.137235,15,12,28,2026-09-24T18:12:54.159064
BikePoints_715,"Aylward Street, Stepney",51.51563,-0.049067,6,12,22,2026-09-24T18:12:54.159067
BikePoints_716,"Stainsby Road , Poplar",51.515427,-0.023565,5,15,24,2026-09-24T18:12:54.159071
BikePoints_717,"Dunston Road , Haggerston",51.536585,-0.075885,11,30,43,2026-09-24T18:12:54.159076
BikePoints_718,"Ada Street, Hackney Central",51.535716,-0.060291,26,18,45,2026-09-24T18:12:54.159079
BikePoints_719,"Victoria Park Road, Hackney Central",51.536424,-0.054162,11,20,34,2026-09-24T18:12:54.159082
BikePoints_720,"Star Road, West Kensington",51.487244,-0.205279,3,17,23,2026-09-24T18:12:54.159085
BikePoints_721,"Wendon Street, Old Ford",51.536039,-0.026262,10,8,18,2026-09-24T18:12:54.159088
BikePoints_722,"Finnis Street, Bethnal Green",51.524583,-0.058631,12,6,19,2026-09-24T18:12:54.159091
BikePoints_723,"Stephendale Road, Sands End",51.46822,-0.190346,7,40,48,2026-09-24T18:12:54.159094
BikePoints_724,"Alma Road, Wandsworth",51.457991,-0.184806,11,16,28,2026-09-24T18:12:54.159097
BikePoints_725,"Walworth Square, Walworth",51.491327,-0.096518,19,2,24,2026-09-24T18:12:54.159100
BikePoints_726,"Alfreda Street, Battersea Park",51.47505,-0.150908,10,12,22,2026-09-24T18:12:54.159104
BikePoints_727,"Chesilton Road, Fulham",51.475698,-0.205876,7,16,23,2026-09-24T18:12:54.159107
BikePoints_728,"Putney Bridge Road, East Putney",51.461999,-0.20624,10,16,29,2026-09-24T18:12:54.159110
BikePoints_729,"St. Peter's Terrace, Fulham",51.478939,-0.208485,6,16,24,2026-09-24T18:12:54.159113
BikePoints_730,"Bridge Avenue, Hammersmith",51.492084,-0.229116,18,0,18,2026-09-24T18:12:54.159120
BikePoints_731,"Michael Road, Walham Green",51.477276,-0.18921,3,28,37,2026-09-24T18:12:54.159123
BikePoints_732,"Duke Street Hill, London Bridge",51.506304,-0.087262,11,7,21,2026-09-24T18:12:54.159127
BikePoints_733,"Park Lane, Mayfair",51.505426,-0.150817,2,15,18,2026-09-24T18:12:54.159130
BikePoints_734,"Plough Terrace, Clapham Junction",51.462305,-0.175407,7,23,31,2026-09-24T18:12:54.159133
BikePoints_735,"Grant Road East, Clapham Junction",51.464894,-0.173029,20,6,28,2026-09-24T18:12:54.159136
BikePoints_736,"Queensdale Road, Shepherd's Bush",51.50659,-0.216104,6,21,28,2026-09-24T18:12:54.159139
BikePoints_737,"Fulham Broadway, Walham Green",51.479932,-0.194116,19,5,26,2026-09-24T18:12:54.159142
BikePoints_738,"Imperial Road, Sands End",51.475142,-0.187278,18,19,37,2026-09-24T18:12:54.159145
BikePoints_739,"Hortensia Road, West Brompton",51.481765,-0.185273,1,26,28,2026-09-24T18:12:54.159148
BikePoints_740,"Sirdar Road, Avondale",51.510928,-0.214594,16,4,20,2026-09-24T18:12:54.159151
BikePoints_741,"Freston Road, Avondale",51.512981,-0.219486,22,1,23,2026-09-24T18:12:54.159154
BikePoints_742,"Blenheim Crescent, Ladbroke Grove",51.515108,-0.208565,2,19,22,2026-09-24T18:12:54.159157
BikePoints_743,"Oxford Road, Putney",51.460792,-0.212607,3,16,20,2026-09-24T18:12:54.159161
BikePoints_744,"Ingrave Street, Clapham Junction",51.467454,-0.172293,28,0,30,2026-09-24T18:12:54.159163
BikePoints_745,"Upcerne Road, West Chelsea",51.478169,-0.182435,8,19,29,2026-09-24T18:12:54.159167
BikePoints_746,"Lots Road, West Chelsea",51.479573,-0.179038,5,18,24,2026-09-24T18:12:54.159170
BikePoints_747,"Ormonde Gate, Chelsea",51.487964,-0.161765,5,18,24,2026-09-24T18:12:54.159173
BikePoints_748,"Hertford Road, De Beauvoir Town",51.537277,-0.079201,2,21,25,2026-09-24T18:12:54.159176
BikePoints_749,"Haggerston Road, Haggerston",51.539328,-0.074284,30,5,37,2026-09-24T18:12:54.159180
BikePoints_750,"Culvert Road, Battersea",51.471095,-0.15785,7,19,27,2026-09-24T18:12:54.159185
BikePoints_751,"Newton Street, Covent Garden",51.516128,-0.120909,14,10,24,2026-09-24T18:12:54.159188
BikePoints_752,"London Street, Paddington",51.515117,-0.173712,14,1,19,2026-09-24T18:12:54.159191
BikePoints_753,"Clapham South, Clapham South",51.452997,-0.148651,8,20,28,2026-09-24T18:12:54.159194
BikePoints_754,"Grenfell Road, Avondale",51.5129,-0.214762,5,18,24,2026-09-24T18:12:54.159197
BikePoints_755,"The Vale, Chelsea",51.485121,-0.174971,8,15,24,2026-09-24T18:12:54.159200
BikePoints_756,"Prince of Wales Drive, Battersea Park",51.475153,-0.159169,6,15,21,2026-09-24T18:12:54.159203
BikePoints_757,"Harcourt Terrace, West Brompton",51.487958,-0.187404,8,15,24,2026-09-24T18:12:54.159206
BikePoints_758,"Westbourne Park Road, Portobello",51.51787,-0.201005,5,17,23,2026-09-24T18:12:54.159209
BikePoints_759,"Broadley Terrace, Marylebone",51.524561,-0.165668,1,15,18,2026-09-24T18:12:54.159212
BikePoints_760,"Elgin Avenue, Maida Hill",51.524309,-0.201234,7,7,18,2026-09-24T18:12:54.159215
BikePoints_761,"Humbolt Road, Fulham",51.483217,-0.21186,6,20,26,2026-09-24T18:12:54.159218
BikePoints_762,"Storey's Gate, Westminster",51.500703,-0.129698,2,17,21,2026-09-24T18:12:54.159221
BikePoints_763,"Mile End Park Leisure Centre, Mile End",51.520597,-0.032566,22,22,47,2026-09-24T18:12:54.159224
BikePoints_764,"St. John's Road, Clapham Junction",51.462392,-0.168292,31,0,33,2026-09-24T18:12:54.159226
BikePoints_765,"Ranelagh Gardens, Fulham",51.467601,-0.206827,14,15,29,2026-09-24T18:12:54.159230
BikePoints_766,"Ram Street, Wandsworth",51.457529,-0.192165,24,0,25,2026-09-24T18:12:54.159233
BikePoints_767,"Santos Road, Wandsworth",51.457059,-0.200806,13,15,30,2026-09-24T18:12:54.159236
BikePoints_768,"Clapham Common North Side, Clapham Common",51.461343,-0.159322,35,2,37,2026-09-24T18:12:54.159239
BikePoints_769,"Sandilands Road, Walham Green",51.473611,-0.191803,11,6,21,2026-09-24T18:12:54.159245
BikePoints_770,"Gwendwr Road, West Kensington",51.491026,-0.209121,15,15,30,2026-09-24T18:12:54.159247
BikePoints_771,"Rifle Place, Avondale",51.509224,-0.216016,7,11,21,2026-09-24T18:12:54.159250
BikePoints_772,"Binfield Road, Stockwell",51.472509,-0.122831,27,6,35,2026-09-24T18:12:54.159253
BikePoints_773,"Tallis Street, Temple",51.511891,-0.107349,5,15,24,2026-09-24T18:12:54.159256
BikePoints_774,"Hurlingham Park, Parsons Green",51.470131,-0.20464,9,10,20,2026-09-24T18:12:54.159259
BikePoints_775,"Little Brook Green, Brook Green",51.496664,-0.223868,14,17,33,2026-09-24T18:12:54.159262
BikePoints_776,"Adeline Place, Bloomsbury",51.517632,-0.129985,5,17,22,2026-09-24T18:12:54.159265
BikePoints_779,"Houndsditch, Aldgate",51.514449,-0.077178,2,21,28,2026-09-24T18:12:54.159268
BikePoints_780,"Imperial Wharf Station, Sands End",51.474665,-0.183165,12,10,25,2026-09-24T18:12:54.159271
BikePoints_782,"Halford Road, West Kensington",51.483911,-0.197609,16,7,24,2026-09-24T18:12:54.159274
BikePoints_783,"Monier Road, Hackney Wick",51.540311,-0.02163,4,21,27,2026-09-24T18:12:54.159280
BikePoints_784,"East Village, Queen Elizabeth Olympic Park",51.546326,-0.009935,6,27,34,2026-09-24T18:12:54.159285
BikePoints_785,"Aquatic Centre, Queen Elizabeth Olympic Park",51.541482,-0.010437,14,10,30,2026-09-24T18:12:54.159287
BikePoints_786,"Lee Valley VeloPark, Queen Elizabeth Olympic Park",51.549369,-0.015717,13,29,44,2026-09-24T18:12:54.159290
BikePoints_787,"Timber Lodge, Queen Elizabeth Olympic Park",51.546805,-0.014691,9,22,35,2026-09-24T18:12:54.159293
BikePoints_788,"Copper Box Arena, Queen Elizabeth Olympic Park",51.544909,-0.020542,6,23,31,2026-09-24T18:12:54.159296
BikePoints_789,"Podium, Queen Elizabeth Olympic Park",51.538718,-0.011889,33,1,40,2026-09-24T18:12:54.159299
BikePoints_790,"Stratford Station, Stratford",51.541793,-0.00481,27,0,28,2026-09-24T18:12:54.159302
BikePoints_792,"Blackfriars Road, Southwark",51.505461,-0.10454,17,23,42,2026-09-24T18:12:54.159305
BikePoints_793,"Cromer Street, Bloomsbury",51.528279,-0.119558,8,18,28,2026-09-24T18:12:54.159310
BikePoints_795,"Euston Square Gardens, Euston",51.527068,-0.131861,21,7,30,2026-09-24T18:12:54.159313
BikePoints_796,"Coram Street, Bloomsbury",51.524,-0.126409,4,25,29,2026-09-24T18:12:54.159316
BikePoints_797,"Ossulston Street, Somers Town",51.5293,-0.128279,24,2,30,2026-09-24T18:12:54.159319
BikePoints_798,"Birkenhead Street, King's Cross",51.530199,-0.122299,25,1,27,2026-09-24T18:12:54.159322
BikePoints_799,"Kings Gate House, Westminster",51.497698,-0.137598,7,16,24,2026-09-24T18:12:54.159325
BikePoints_800,"Sopwith Way, Battersea Park",51.481121,-0.149035,25,1,30,2026-09-24T18:12:54.159328
BikePoints_801,"Lavington Street, Bankside",51.505224,-0.098031,10,19,29,2026-09-24T18:12:54.159331
BikePoints_802,"Albert Square, Stockwell",51.47659,-0.118256,10,20,32,2026-09-24T18:12:54.159334
BikePoints_803,"Southwark Street, Bankside",51.505409,-0.098341,3,19,23,2026-09-24T18:12:54.159337
BikePoints_804,"Good's Way, King's Cross",51.534667,-0.125078,7,17,27,2026-09-24T18:12:54.159341
BikePoints_805,"The Metropolitan, Portobello",51.520509,-0.200804,0,17,18,2026-09-24T18:12:54.159343
BikePoints_807,"Bevington Road West, North Kensington",51.5212,-0.208888,20,3,24,2026-09-24T18:12:54.159346
BikePoints_808,"Gauden Road, Clapham",51.464995,-0.130908,27,0,28,2026-09-24T18:12:54.159349
BikePoints_809,"Lincoln's Inn Fields, Holborn",51.516277,-0.118272,0,24,28,2026-09-24T18:12:54.159352
BikePoints_810,"Tate Modern, Bankside",51.506725,-0.098807,10,18,30,2026-09-24T18:12:54.159355
BikePoints_811,"Westferry Circus, Canary Wharf",51.505703,-0.027772,1,32,36,2026-09-24T18:12:54.159358
BikePoints_812,"Here East North, Queen Elizabeth Olympic Park",51.548731,-0.022606,1,25,28,2026-09-24T18:12:54.159361
BikePoints_813,"New Spring Gardens Walk, Vauxhall",51.487807,-0.122759,10,23,33,2026-09-24T18:12:54.159364
BikePoints_814,"Clapham Road, Lingham Street, Stockwell",51.471433,-0.12367,10,18,30,2026-09-24T18:12:54.159369
BikePoints_815,"Lambeth Palace Road, Waterloo",51.500089,-0.116628,2,27,35,2026-09-24T18:12:54.159372
BikePoints_816,"Here East South, Queen Elizabeth Olympic Park",51.546532,-0.020597,2,15,20,2026-09-24T18:12:54.159375
BikePoints_818,"Westminster Pier, Westminster",51.501513,-0.123823,4,20,27,2026-09-24T18:12:54.159378
BikePoints_819,"Belvedere Road 2, South Bank",51.50621,-0.114842,14,23,38,2026-09-24T18:12:54.159381
BikePoints_820,"Victory Place, Walworth",51.492807,-0.091938,10,13,24,2026-09-24T18:12:54.159384
BikePoints_821,"Battersea Power Station, Battersea Park",51.483507,-0.147714,5,21,27,2026-09-24T18:12:54.159386
BikePoints_826,"Allington Street, Victoria",51.496863,-0.142943,11,14,28,2026-09-24T18:12:54.159390
BikePoints_827,"Cranmer Road, Stockwell",51.479601,-0.111471,18,5,24,2026-09-24T18:12:54.159393
BikePoints_828,"Normandy Road, Stockwell",51.473874,-0.11258,4,26,32,2026-09-24T18:12:54.159396
BikePoints_829,"Wynne Road, Stockwell",51.469217,-0.112686,8,17,25,2026-09-24T18:12:54.159398
BikePoints_830,"Sidney Road, Stockwell",51.469202,-0.119022,25,2,27,2026-09-24T18:12:54.159401
BikePoints_831,"St John's Crescent, Brixton",51.466232,-0.113179,20,5,25,2026-09-24T18:12:54.159404
BikePoints_832,"Ferndale Road, Brixton",51.464019,-0.115781,15,14,30,2026-09-24T18:12:54.159407
BikePoints_833,"Saltoun Road, Brixton",51.460232,-0.115375,17,24,42,2026-09-24T18:12:54.159410
BikePoints_834,"Gas Holders, Battersea Park",51.477966,-0.147857,16,8,26,2026-09-24T18:12:54.159413
BikePoints_835,"Farringdon Street, Holborn",51.516785,-0.104947,0,22,25,2026-09-24T18:12:54.159416
BikePoints_836,"York Way, Kings Cross",51.541596,-0.125441,2,18,24,2026-09-24T18:12:54.159419
BikePoints_838,"Fore Street, Guildhall",51.518093,-0.091401,7,15,25,2026-09-24T18:12:54.159422
BikePoints_839,"Sea Containers, South Bank",51.508033,-0.106823,28,0,30,2026-09-24T18:12:54.159425
BikePoints_840,"George Row, Bermondsey",51.498585,-0.068981,13,9,22,2026-09-24T18:12:54.159430
BikePoints_841,"Tower Wharf, Bermondsey",51.500845,-0.074704,6,13,20,2026-09-24T18:12:54.159433
BikePoints_842,"Temple Gardens, Temple",51.510981,-0.108322,4,13,24,2026-09-24T18:12:54.159436
BikePoints_844,"Canada Water Station, Rotherhithe",51.498439,-0.04915,25,10,35,2026-09-24T18:12:54.159445
BikePoints_845,"Bermondsey Station, Bermondsey",51.497995,-0.063471,27,1,30,2026-09-24T18:12:54.159448
BikePoints_846,"Burgess Park Albany Road, Walworth",51.48224,-0.094284,27,3,30,2026-09-24T18:12:54.159451
BikePoints_847,"South Bermondsey Station, Bermondsey",51.488067,-0.057774,8,16,24,2026-09-24T18:12:54.159453
BikePoints_849,"Crimscott Street, Bermondsey",51.495598,-0.078893,5,12,19,2026-09-24T18:12:54.159456
BikePoints_850,"Brandon Street, Walworth",51.489102,-0.091548,5,14,22,2026-09-24T18:12:54.159459
BikePoints_851,"The Blue, Bermondsey",51.492221,-0.062513,15,5,22,2026-09-24T18:12:54.159462
BikePoints_852,"Coomer Place, West Kensington",51.48357,-0.202038,14,12,27,2026-09-24T18:12:54.159465
BikePoints_857,"Strand, Strand",51.512582,-0.115057,0,31,35,2026-09-24T18:12:54.159468
BikePoints_864,"Abbey Orchard Street, Westminster",51.498125,-0.132102,23,5,29,2026-09-24T18:12:54.159470
BikePoints_865,"Leonard Circus , Shoreditch",51.524696,-0.084439,14,27,43,2026-09-24T18:12:54.159473
BikePoints_866,"Limburg Road, Clapham Junction",51.461923,-0.165297,18,2,21,2026-09-24T18:12:54.159476
BikePoints_867,"Pritchard's Road, Bethnal Green",51.532091,-0.061419,2,28,30,2026-09-24T18:12:54.159479
BikePoints_868,"Kennington Lane Rail Bridge, Vauxhall",51.486343,-0.122492,25,4,31,2026-09-24T18:12:54.159482
BikePoints_869,"Albert Embankment, Vauxhall",51.490435,-0.122806,7,17,24,2026-09-24T18:12:54.159494
BikePoints_870,"Lower Marsh, Waterloo",51.500139,-0.113935,8,6,17,2026-09-24T18:12:54.159497
BikePoints_872,"Risinghill Street, Angel",51.533319,-0.111781,11,10,25,2026-09-24T18:12:54.159502
BikePoints_873,"St. Pancras Way, Camden Town",51.537071,-0.13285,1,18,20,2026-09-24T18:12:54.159505
BikePoints_874,"Handyside Street, King's Cross",51.53724,-0.124807,0,26,27,2026-09-24T18:12:54.159508
BikePoints_875,"Victoria Rise, Clapham Common",51.461376,-0.147804,14,9,23,2026-09-24T18:12:54.159511
BikePoints_876,"Old Quebec Street, Marylebone",51.514577,-0.158264,8,7,16,2026-09-24T18:12:54.159514
BikePoints_877,"Spencer Park, Wandsworth Common",51.45787,-0.174691,3,21,25,2026-09-24T18:12:54.159517
BikePoints_878,"Victoria & Albert Museum, South Kensington",51.495898,-0.173009,16,14,30,2026-09-24T18:12:54.159520
BikePoints_879,"BBC White City, White City",51.514767,-0.225786,10,21,36,2026-09-24T18:12:54.159522
BikePoints_881,"Albany Street, The Regent's Park",51.528302,-0.144465,11,16,27,2026-09-24T18:12:54.159525
BikePoints_882,"Maplin Street, Mile End",51.525501,-0.032267,17,16,39,2026-09-24T18:12:54.159528
BikePoints_883,"London Fields, Hackney Central",51.54119,-0.058826,19,0,21,2026-09-24T18:12:54.159531
BikePoints_884,"Westfield Ariel Way, White City",51.509158,-0.224103,39,3,42,2026-09-24T18:12:54.159534
BikePoints_885,"Gloucester Avenue, Camden Town",51.537349,-0.147154,15,7,24,2026-09-24T18:12:54.159537
BikePoints_887,"London Zoo Car Park, The Regent's Park",51.536922,-0.150181,19,16,36,2026-09-24T18:12:54.159540
BikePoints_888,"Norton Folgate, Liverpool Street",51.521113,-0.078869,0,21,23,2026-09-24T18:12:54.159543
BikePoints_889,"Horse Guards Avenue, Westminster",51.505031,-0.123,21,5,29,2026-09-24T18:12:54.159546
BikePoints_890,"Burdett Road, Mile End",51.516196,-0.029137,28,0,33,2026-09-24T18:12:54.159549
BikePoints_465,"Pitfield Street North,Hoxton",51.53558,-0.08249,5,21,28,2026-09-24T18:12:54.159552
BikePoints_253,"Shoreditch Park, Hoxton",51.534042,-0.086379,22,4,30,2026-09-24T18:12:54.159554
BikePoints_569,"Pitfield Street Central, Hoxton",51.53213,-0.08299,15,14,30,2026-09-24T18:12:54.159557
BikePoints_248,"Triangle Car Park, Hyde Park",51.506451,-0.170279,2,24,27,2026-09-24T18:12:54.159562
BikePoints_560,"Ladbroke Grove Central, Ladbroke Grove",51.511624,-0.205921,2,19,21,2026-09-24T18:12:54.159565
